Using input file: inmdi.dat
Compiling mdiffrad.f ...
PROG = [mdiffrad]
SRC  = [mdiffrad.f]
EXE  = [mdiffrad.exe]
Compilation successful: mdiffrad.exe
Running mdiffrad.exe ...
--------------------------------
 main  828.3      0.861  0.025  0.886  0.886  0.000
 main  828.2      0.861  0.025  0.887  0.886  0.000
 main  828.2      0.861  0.026  0.887  0.887  0.000
 main  303.6      0.859  0.028  0.887  0.887  0.000
 main  303.6      0.859  0.028  0.887  0.887  0.000
 main  303.6      0.859  0.030  0.888  0.887  0.000
 main  136.6      0.857  0.033  0.890  0.890  0.000
 main  136.6      0.857  0.033  0.890  0.890  0.000
 main  136.6      0.857  0.033  0.889  0.890  0.000
 main  69.76      0.856  0.036  0.892  0.892  0.000
 main  69.76      0.856  0.037  0.892  0.892  0.000
 main  69.76      0.856  0.036  0.892  0.892  0.000
 main  38.86      0.855  0.041  0.895  0.895  0.000
 main  38.86      0.855  0.040  0.895  0.895  0.000
 main  38.86      0.854  0.040  0.895  0.895  0.000
 main  18.12      0.853  0.046  0.899  0.899  0.000
 main  18.12      0.853  0.047  0.901  0.900  0.001
 main  18.12      0.853  0.045  0.899  0.899  0.000
 main  9.319      0.852  0.054  0.906  0.906  0.000
 main  9.319      0.852  0.052  0.904  0.905  0.001
 main  9.319      0.852  0.053  0.905  0.905  0.000
 main  6.231      0.852  0.060  0.912  0.912  0.000
 main  6.231      0.852  0.060  0.911  0.911  0.000
 main  6.231      0.852  0.057  0.908  0.910  0.001
 main  2.528      0.841  0.058  0.899  0.899  0.000
 main  2.528      0.841  0.058  0.899  0.899  0.000
 main  2.528      0.841  0.057  0.898  0.899  0.000
 main  1.142      0.829  0.055  0.884  0.884  0.000
 main  1.142      0.829  0.055  0.884  0.884  0.000
 main  1.142      0.829  0.054  0.883  0.883  0.000
 main 0.5560      0.817  0.050  0.867  0.867  0.000
 main 0.5560      0.817  0.051  0.868  0.868  0.000
 main 0.5560      0.817  0.051  0.868  0.868  0.000
 main 0.2854      0.806  0.047  0.853  0.853  0.000
 main 0.2854      0.806  0.049  0.855  0.854  0.001
 main 0.2854      0.806  0.048  0.854  0.854  0.000
 main 0.1523      0.795  0.044  0.840  0.840  0.000
 main 0.1523      0.795  0.044  0.840  0.840  0.000
 main 0.1523      0.795  0.044  0.840  0.840  0.000
--------------------------------
Run completed successfully
