 main  828.3      0.919  0.087  1.006  1.006  0.000
 main  828.2      0.919  0.087  1.006  1.006  0.000
 main  828.2      0.919  0.089  1.008  1.007  0.001
 main  303.6      0.908  0.079  0.987  0.987  0.000
 main  303.6      0.908  0.078  0.986  0.987  0.000
 main  303.6      0.908  0.084  0.992  0.989  0.002
 main  136.6      0.898  0.076  0.974  0.974  0.000
 main  136.6      0.898  0.078  0.976  0.975  0.001
 main  136.6      0.898  0.076  0.974  0.975  0.000
 main  69.76      0.889  0.072  0.962  0.962  0.000
 main  69.76      0.889  0.073  0.963  0.962  0.000
 main  69.76      0.889  0.072  0.961  0.962  0.000
 main  38.86      0.881  0.071  0.952  0.952  0.000
 main  38.86      0.881  0.069  0.951  0.951  0.000
 main  38.86      0.881  0.069  0.951  0.951  0.000
 main  18.12      0.871  0.065  0.936  0.936  0.000
 main  18.12      0.871  0.068  0.938  0.937  0.001
 main  18.12      0.871  0.065  0.935  0.936  0.001
 main  9.319      0.861  0.064  0.925  0.925  0.000
 main  9.319      0.861  0.062  0.923  0.924  0.001
 main  9.319      0.861  0.063  0.924  0.924  0.000
 main  6.231      0.855  0.064  0.919  0.919  0.000
 main  6.231      0.855  0.064  0.919  0.919  0.000
 main  6.231      0.855  0.061  0.915  0.918  0.001
 main  2.528      0.841  0.058  0.899  0.899  0.000
 main  2.528      0.841  0.058  0.899  0.899  0.000
 main  2.528      0.841  0.057  0.898  0.899  0.000
 main  1.142      0.829  0.055  0.884  0.884  0.000
 main  1.142      0.829  0.055  0.884  0.884  0.000
 main  1.142      0.829  0.054  0.883  0.883  0.000
 main 0.5560      0.817  0.050  0.867  0.867  0.000
 main 0.5560      0.817  0.051  0.868  0.868  0.000
 main 0.5560      0.817  0.051  0.868  0.868  0.000
 main 0.2854      0.806  0.047  0.853  0.853  0.000
 main 0.2854      0.806  0.049  0.855  0.854  0.001
 main 0.2854      0.806  0.048  0.854  0.854  0.000
 main 0.1523      0.795  0.044  0.840  0.840  0.000
 main 0.1523      0.795  0.044  0.840  0.840  0.000
 main 0.1523      0.795  0.044  0.840  0.840  0.000
