 0.012 0.550   0.400  34.806  -0.110    0.886    0.870    0.016
 0.017 0.550   0.600  34.606  -0.110    0.887    0.870    0.017
 0.023 0.550   0.800  34.406  -0.110    0.889    0.870    0.019
 0.029 0.550   1.000  34.206  -0.110    0.891    0.871    0.020
 0.035 0.550   1.200  34.006  -0.110    0.894    0.872    0.022
 0.044 0.550   1.500  33.706  -0.110    0.898    0.874    0.025
 0.052 0.550   1.800  33.406  -0.110    0.904    0.876    0.028
 0.058 0.550   2.000  33.206  -0.110    0.908    0.878    0.030
 0.073 0.550   2.500  32.706  -0.110    0.897    0.868    0.029
 0.087 0.550   3.000  32.206  -0.110    0.882    0.855    0.027
 0.102 0.550   3.500  31.706  -0.110    0.867    0.843    0.024
 0.117 0.550   4.000  31.206  -0.110    0.853    0.830    0.022
 0.131 0.550   4.500  30.706  -0.110    0.839    0.818    0.020
