 0.012 0.550   0.400  34.806  -0.110    1.004    0.946    0.058
 0.017 0.550   0.600  34.606  -0.110    0.987    0.936    0.051
 0.023 0.550   0.800  34.406  -0.110    0.972    0.926    0.046
 0.029 0.550   1.000  34.206  -0.110    0.960    0.918    0.042
 0.035 0.550   1.200  34.006  -0.110    0.949    0.910    0.039
 0.044 0.550   1.500  33.706  -0.110    0.935    0.899    0.036
 0.052 0.550   1.800  33.406  -0.110    0.923    0.889    0.033
 0.058 0.550   2.000  33.206  -0.110    0.915    0.883    0.032
 0.073 0.550   2.500  32.706  -0.110    0.897    0.868    0.029
 0.087 0.550   3.000  32.206  -0.110    0.882    0.855    0.027
 0.102 0.550   3.500  31.706  -0.110    0.867    0.843    0.024
 0.117 0.550   4.000  31.206  -0.110    0.853    0.830    0.022
 0.131 0.550   4.500  30.706  -0.110    0.839    0.818    0.020
