10.600000     !  bmom  - lepton momentum
0.000000     !  tmom  - proton momentum (0 = fixed target)
1         !  lepton - 1=electron 2=muon
3         !  ivec  - 1=rho 2=omega 3=phi 4=J/psi
1000000.000000 1000000.000000 500000.000000   ! ann1 ann2 ann3 - event counts
0.020000        !  vcut  - v cut (0=none)
3         !  nev   - MC samples per point
333522    !  seed
60         !  npoi  - number of kinematic points
-6.250000 -6.250000 -6.250000 -6.250000 -6.250000 -6.250000 -6.250000 -6.250000 -6.250000 -6.250000 -6.250000 -6.250000 -6.250000 -6.250000 -6.250000 -6.250000 -6.250000 -6.250000 -6.250000 -6.250000 -6.250000 -6.250000 -6.250000 -6.250000 -6.250000 -6.250000 -6.250000 -6.250000 -6.250000 -6.250000 -6.250000 -6.250000 -6.250000 -6.250000 -6.250000 -6.250000 -6.250000 -6.250000 -6.250000 -6.250000 -6.250000 -6.250000 -6.250000 -6.250000 -6.250000 -6.250000 -6.250000 -6.250000 -6.250000 -6.250000 -6.250000 -6.250000 -6.250000 -6.250000 -6.250000 -6.250000 -6.250000 -6.250000 -6.250000 -6.250000
-3.240000 -3.240000 -3.240000 -3.240000 -3.240000 -3.240000 -3.240000 -3.240000 -3.240000 -3.240000 -3.240000 -3.240000 -3.240000 -3.240000 -3.240000 -3.240000 -3.240000 -3.240000 -3.240000 -3.240000 -3.240000 -3.240000 -3.240000 -3.240000 -3.240000 -3.240000 -3.240000 -3.240000 -3.240000 -3.240000 -3.240000 -3.240000 -3.240000 -3.240000 -3.240000 -3.240000 -3.240000 -3.240000 -3.240000 -3.240000 -3.240000 -3.240000 -3.240000 -3.240000 -3.240000 -3.240000 -3.240000 -3.240000 -3.240000 -3.240000 -3.240000 -3.240000 -3.240000 -3.240000 -3.240000 -3.240000 -3.240000 -3.240000 -3.240000 -3.240000
-1.110000 -1.110000 -1.110000 -1.110000 -1.110000 -1.110000 -1.110000 -1.110000 -1.110000 -1.110000 -1.110000 -1.110000 -1.500000 -1.500000 -1.500000 -1.500000 -1.500000 -1.500000 -1.500000 -1.500000 -1.500000 -1.500000 -1.500000 -1.500000 -2.020000 -2.020000 -2.020000 -2.020000 -2.020000 -2.020000 -2.020000 -2.020000 -2.020000 -2.020000 -2.020000 -2.020000 -2.800000 -2.800000 -2.800000 -2.800000 -2.800000 -2.800000 -2.800000 -2.800000 -2.800000 -2.800000 -2.800000 -2.800000 -8.000000 -8.000000 -8.000000 -8.000000 -8.000000 -8.000000 -8.000000 -8.000000 -8.000000 -8.000000 -8.000000 -8.000000
-0.200000 -0.200000 -0.200000 -0.200000 -0.200000 -0.200000 -0.200000 -0.200000 -0.200000 -0.200000 -0.200000 -0.200000 -1.110000 -1.110000 -1.110000 -1.110000 -1.110000 -1.110000 -1.110000 -1.110000 -1.110000 -1.110000 -1.110000 -1.110000 -1.500000 -1.500000 -1.500000 -1.500000 -1.500000 -1.500000 -1.500000 -1.500000 -1.500000 -1.500000 -1.500000 -1.500000 -2.020000 -2.020000 -2.020000 -2.020000 -2.020000 -2.020000 -2.020000 -2.020000 -2.020000 -2.020000 -2.020000 -2.020000 -2.800000 -2.800000 -2.800000 -2.800000 -2.800000 -2.800000 -2.800000 -2.800000 -2.800000 -2.800000 -2.800000 -2.800000
-0.410553 -0.502053 -0.593553 -0.685053 -0.868053 -0.959553 -1.142553 -1.417053 -1.874553 -2.234553 -2.734553 -4.034553 -0.442149 -0.533649 -0.625149 -0.716649 -0.899649 -0.991149 -1.174149 -1.448649 -1.906149 -2.266149 -2.766149 -4.066149 -0.470317 -0.561817 -0.653317 -0.744817 -0.927817 -1.019317 -1.202317 -1.476817 -1.934317 -2.294317 -2.794317 -4.094317 -0.519202 -0.610702 -0.702202 -0.793702 -0.976702 -1.068202 -1.251202 -1.525702 -1.983202 -2.343202 -2.843202 -4.143202 -0.875063 -0.966563 -1.058063 -1.149563 -1.332563 -1.424063 -1.607063 -1.881563 -2.339063 -2.699063 -3.199063 -4.499063
-0.044553 -0.410553 -0.502053 -0.593553 -0.685053 -0.868053 -0.959553 -1.142553 -1.417053 -1.874553 -2.234553 -2.734553 -0.076149 -0.442149 -0.533649 -0.625149 -0.716649 -0.899649 -0.991149 -1.174149 -1.448649 -1.906149 -2.266149 -2.766149 -0.104317 -0.470317 -0.561817 -0.653317 -0.744817 -0.927817 -1.019317 -1.202317 -1.476817 -1.934317 -2.294317 -2.794317 -0.153202 -0.519202 -0.610702 -0.702202 -0.793702 -0.976702 -1.068202 -1.251202 -1.525702 -1.983202 -2.343202 -2.843202 -0.509063 -0.875063 -0.966563 -1.058063 -1.149563 -1.332563 -1.424063 -1.607063 -1.881563 -2.339063 -2.699063 -3.199063
