  0.801  0.002 0.3267E+08 0.4268E+05 0.2542E+08 0.3355E+05 0.7387E+06 0.3402E+05
  0.802  0.002 0.3267E+08 0.4268E+05 0.2544E+08 0.3356E+05 0.7700E+06 0.4486E+05
  0.802  0.001 0.3258E+08 0.4264E+05 0.2547E+08 0.3358E+05 0.6685E+06 0.2634E+05
  0.802  0.002 0.3262E+08 0.4260E+05 0.2543E+08 0.3353E+05 0.7288E+06 0.3544E+05
  0.820  0.008 0.1849E+08 0.5276E+05 0.1418E+08 0.3681E+05 0.9840E+06 0.1081E+06
  0.820  0.005 0.1849E+08 0.5241E+05 0.1424E+08 0.3687E+05 0.9205E+06 0.6033E+05
  0.815  0.003 0.1848E+08 0.5314E+05 0.1427E+08 0.3731E+05 0.7913E+06 0.3417E+05
  0.821  0.003 0.1837E+08 0.5197E+05 0.1428E+08 0.3697E+05 0.8027E+06 0.3428E+05
  0.351  0.091 0.1881E+09 0.1265E+09 0.6140E+08 0.1704E+08 0.4626E+07 0.1047E+07
  2.195  2.445 0.1137E+09 0.4602E+08 0.2901E+09 0.2474E+09-0.4051E+08 0.5251E+08
  1.138  0.365 0.5455E+08 0.6760E+07 0.5703E+08 0.1648E+08 0.5077E+07 0.7369E+07
  0.397  0.053 0.1186E+09 0.3957E+08 0.4284E+08 0.6055E+07 0.4234E+07 0.1645E+07
  0.928  0.225 0.1339E+09 0.2936E+08 0.1027E+09 0.2687E+08 0.2154E+08 0.9932E+07
  0.093  0.015 0.9031E+09 0.7246E+09 0.6979E+08 0.1263E+08 0.1442E+08 0.5030E+07
  0.055  0.324 0.2379E+09 0.9764E+08 0.6600E+08 0.6471E+07-0.5299E+08 0.7676E+08
  0.003  0.001 0.4152E+11 0.4128E+11 0.1141E+09 0.3429E+08 0.1645E+08 0.2349E+08
 11.895133.095 0.1919E+09 0.3583E+08 0.1182E+09 0.1590E+08 0.2164E+10 0.2139E+10
  0.423  0.112 0.5517E+09 0.2541E+09 0.1591E+09 0.4177E+08 0.7400E+08 0.4170E+08
  1.466  1.155 0.2563E+09 0.7135E+08 0.1756E+09 0.6070E+08 0.2001E+09 0.1633E+09
  0.256  0.062 0.8388E+09 0.4433E+09 0.1841E+09 0.5020E+08 0.3075E+08 0.1189E+08
  0.182  0.191 0.1434E+09 0.9289E+08 0.3229E+08 0.4495E+07-0.6199E+07 0.2657E+08
  0.904  0.358 0.6343E+08 0.1409E+08 0.5136E+08 0.1485E+08 0.5951E+07 0.1275E+08
  0.300  0.064 0.2554E+09 0.1755E+09 0.4800E+08 0.1251E+08 0.2867E+08 0.1009E+08
  0.671  0.170 0.6430E+08 0.1280E+08 0.3346E+08 0.9931E+07 0.9653E+07 0.3790E+07
  0.970  0.290 0.6975E+08 0.3191E+08 0.5582E+08 0.2008E+08 0.1187E+08 0.1826E+07
  1.813  1.405 0.4971E+08 0.1372E+08 0.3125E+08 0.3677E+07 0.5889E+08 0.3368E+08
  2.039  1.751 0.3699E+08 0.2923E+07 0.3342E+08 0.5782E+07 0.4202E+08 0.2841E+08
  0.973  0.155 0.4416E+08 0.5418E+07 0.2855E+08 0.3213E+07 0.1439E+08 0.4330E+07
  1.144  0.141 0.1445E+08 0.1673E+05 0.1151E+08 0.1256E+05 0.5023E+07 0.1345E+07
  0.981  0.022 0.1443E+08 0.1671E+05 0.1151E+08 0.1258E+05 0.2645E+07 0.2300E+06
  1.177  0.179 0.1444E+08 0.1669E+05 0.1150E+08 0.1256E+05 0.5495E+07 0.1672E+07
  1.008  0.028 0.1444E+08 0.1676E+05 0.1150E+08 0.1254E+05 0.3063E+07 0.2837E+06
  0.918  0.005 0.9762E+07 0.1066E+05 0.7956E+07  8602.     0.1002E+07 0.3224E+05
  0.923  0.007 0.9728E+07 0.1058E+05 0.7969E+07  8608.     0.1011E+07 0.5288E+05
  0.912  0.004 0.9776E+07 0.1065E+05 0.7952E+07  8561.     0.9653E+06 0.3011E+05
  0.920  0.007 0.9759E+07 0.1065E+05 0.7961E+07  8600.     0.1014E+07 0.5205E+05
  0.905  0.006 0.2982E+07  3467.     0.2452E+07  2848.     0.2450E+06 0.1206E+05
  0.904  0.006 0.2989E+07  3475.     0.2450E+07  2844.     0.2529E+06 0.1226E+05
  0.905  0.003 0.2980E+07  3464.     0.2455E+07  2855.     0.2421E+06  7056.    
  0.909  0.004 0.2984E+07  3468.     0.2453E+07  2855.     0.2580E+06  8590.    
  0.915  0.006 0.1616E+07  2360.     0.1331E+07  1945.     0.1480E+06  7439.    
  0.907  0.008 0.1623E+07  2368.     0.1329E+07  1945.     0.1437E+06  9158.    
  0.902  0.004 0.1619E+07  2365.     0.1329E+07  1948.     0.1309E+06  4625.    
  0.909  0.005 0.1618E+07  2360.     0.1330E+07  1947.     0.1412E+06  6356.    
  0.902  0.006 0.5793E+06  1302.     0.4732E+06  1052.     0.4909E+05  2423.    
  0.902  0.006 0.5792E+06  1310.     0.4739E+06  1049.     0.4847E+05  2358.    
  0.898  0.005 0.5794E+06  1318.     0.4720E+06  1044.     0.4811E+05  1945.    
  0.896  0.007 0.5806E+06  1311.     0.4724E+06  1049.     0.4756E+05  3016.    
  0.776  0.001 0.1212E+07  964.2     0.9237E+06  775.4     0.1712E+05  424.4    
  0.775  0.001 0.1213E+07  964.4     0.9226E+06  775.3     0.1750E+05  473.6    
  0.774  0.001 0.1214E+07  965.6     0.9230E+06  774.7     0.1691E+05  361.0    
  0.776  0.001 0.1213E+07  963.6     0.9232E+06  774.5     0.1756E+05  422.1    
  0.807  0.001 0.7325E+06  521.5     0.5720E+06  387.6     0.1941E+05  367.2    
  0.808  0.001 0.7326E+06  520.9     0.5719E+06  387.4     0.1971E+05  430.0    
  0.809  0.001 0.7324E+06  520.9     0.5729E+06  388.0     0.1982E+05  405.1    
  0.807  0.001 0.7342E+06  521.6     0.5724E+06  388.1     0.2028E+05  457.4    
  0.814  0.001 0.8450E+06  662.1     0.6587E+06  477.6     0.2888E+05  637.0    
  0.814  0.001 0.8452E+06  661.8     0.6588E+06  477.6     0.2927E+05  595.6    
  0.815  0.001 0.8428E+06  659.0     0.6582E+06  476.9     0.2912E+05  591.7    
  0.817  0.001 0.8438E+06  660.3     0.6593E+06  477.9     0.2964E+05  690.3    
  0.819  0.002 0.9546E+06  921.1     0.7398E+06  648.4     0.4207E+05  1300.    
  0.821  0.002 0.9548E+06  920.1     0.7413E+06  649.9     0.4299E+05  1006.    
  0.823  0.002 0.9525E+06  918.3     0.7407E+06  649.3     0.4309E+05  1119.    
  0.818  0.001 0.9542E+06  920.7     0.7392E+06  648.0     0.4171E+05  854.9    
  0.815  0.002 0.2412E+07  3704.     0.1820E+07  2499.     0.1460E+06  3266.    
  0.823  0.003 0.2406E+07  3696.     0.1820E+07  2501.     0.1593E+06  5078.    
  0.823  0.003 0.2415E+07  3714.     0.1825E+07  2514.     0.1631E+06  4750.    
  0.821  0.003 0.2409E+07  3695.     0.1820E+07  2502.     0.1561E+06  4818.    
 14.826204.817 0.3796E+07 0.4131E+06 0.3627E+07 0.7824E+06 0.5265E+08 0.5232E+08
  0.819  0.212 0.4035E+07 0.4649E+06 0.2614E+07 0.3416E+06 0.6892E+06 0.6069E+06
  0.438  0.191 0.4533E+07 0.1038E+07 0.2120E+07 0.2294E+06-0.1336E+06 0.7662E+06
  4.388  3.341 0.3510E+07 0.2809E+06 0.1506E+08 0.1171E+08 0.3480E+06 0.1342E+06
  2.917  4.578 0.2096E+08 0.2232E+07 0.1659E+08 0.4851E+07 0.4453E+08 0.3108E+08
  1.043  0.260 0.2803E+08 0.4740E+07 0.2213E+08 0.5190E+07 0.7103E+07 0.3551E+07
  0.072  0.036 0.5980E+09 0.4191E+09 0.1340E+08 0.1654E+07 0.2993E+08 0.2134E+08
  0.699  0.128 0.2901E+08 0.5955E+07 0.1429E+08 0.2354E+07 0.5987E+07 0.2359E+07
  1.195  0.409 0.1493E+08 0.4662E+07 0.7719E+07 0.1830E+07 0.1012E+08 0.3739E+07
100.980207.500 0.9958E+07 0.1740E+07 0.9838E+09 0.8736E+09 0.2170E+08 0.1854E+08
  0.744  0.243 0.1240E+08 0.3239E+07 0.7515E+07 0.1709E+07 0.1708E+07 0.1988E+07
  0.583  0.125 0.2047E+08 0.9768E+07 0.8113E+07 0.2058E+07 0.3821E+07 0.1310E+07
  0.974  0.014 0.1584E+07  1734.     0.1243E+07  1246.     0.3002E+06 0.1598E+05
  0.956  0.012 0.1583E+07  1730.     0.1240E+07  1241.     0.2746E+06 0.1407E+05
  1.061  0.099 0.1583E+07  1729.     0.1240E+07  1241.     0.4394E+06 0.1076E+06
  1.009  0.038 0.1584E+07  1732.     0.1241E+07  1243.     0.3578E+06 0.4189E+05
  0.902  0.004 0.4437E+06  345.2     0.3568E+06  265.3     0.4345E+05  1167.    
  0.904  0.004 0.4435E+06  344.8     0.3572E+06  265.8     0.4378E+05  1166.    
  0.900  0.003 0.4439E+06  344.6     0.3572E+06  265.9     0.4244E+05  1131.    
  0.899  0.003 0.4438E+06  345.1     0.3575E+06  265.6     0.4134E+05  1016.    
  0.891  0.003 0.2469E+06  219.7     0.2003E+06  175.4     0.1980E+05  468.1    
  0.893  0.002 0.2471E+06  219.2     0.2005E+06  175.5     0.2013E+05  427.9    
  0.896  0.003 0.2467E+06  219.3     0.2004E+06  175.5     0.2065E+05  497.3    
  0.892  0.003 0.2473E+06  219.6     0.2003E+06  175.5     0.2026E+05  462.9    
  0.891  0.004 0.1157E+06  233.3     0.9435E+05  192.3      8683.      294.1    
  0.884  0.003 0.1158E+06  234.9     0.9403E+05  189.6      8386.      216.8    
  0.882  0.003 0.1161E+06  237.1     0.9438E+05  191.0      8021.      174.6    
  0.893  0.003 0.1155E+06  234.6     0.9447E+05  189.9      8688.      258.8    
  0.761  0.001 0.6095E+06  605.7     0.4567E+06  475.7      7217.      207.5    
    NaN    NaN 0.6089E+06  605.4     0.4574E+06  475.9            NaN        NaN
  0.763  0.001 0.6084E+06  604.9     0.4572E+06  476.0      7200.      210.7    
    NaN    NaN 0.6081E+06  605.2     0.4566E+06  476.1            NaN        NaN
  0.799  0.001 0.4108E+06  314.2     0.3187E+06  238.9      9722.      200.2    
  0.800  0.001 0.4104E+06  314.6     0.3187E+06  238.6      9507.      194.7    
  0.798  0.001 0.4117E+06  314.0     0.3189E+06  238.6      9717.      212.4    
  0.800  0.001 0.4105E+06  313.9     0.3188E+06  238.6      9723.      196.2    
    NaN    NaN 0.4722E+06  348.8     0.3678E+06  258.8            NaN        NaN
  0.809  0.001 0.4721E+06  348.5     0.3678E+06  258.4     0.1423E+05  264.9    
  0.811  0.001 0.4717E+06  348.7     0.3679E+06  258.6     0.1458E+05  333.8    
  0.811  0.001 0.4718E+06  348.7     0.3683E+06  258.6     0.1443E+05  286.0    
  0.816  0.001 0.5236E+06  416.3     0.4082E+06  300.6     0.1928E+05  349.2    
  0.816  0.001 0.5241E+06  416.4     0.4087E+06  300.9     0.1905E+05  330.3    
  0.817  0.001 0.5241E+06  416.2     0.4083E+06  301.0     0.1980E+05  391.8    
  0.817  0.001 0.5243E+06  416.6     0.4082E+06  301.1     0.2003E+05  396.2    
  0.819  0.001 0.1206E+07  1183.     0.9296E+06  838.5     0.5791E+05  1104.    
  0.821  0.002 0.1205E+07  1187.     0.9296E+06  838.0     0.5976E+05  1330.    
  0.822  0.002 0.1206E+07  1183.     0.9298E+06  837.5     0.6176E+05  1700.    
  0.822  0.002 0.1203E+07  1180.     0.9308E+06  840.0     0.5790E+05  1281.    
  0.822  0.002 0.7107E+06  1153.     0.5366E+06  768.7     0.4749E+05  1125.    
  0.826  0.003 0.7125E+06  1155.     0.5384E+06  775.6     0.5011E+05  1580.    
  0.824  0.002 0.7105E+06  1153.     0.5383E+06  771.5     0.4693E+05  1115.    
  0.823  0.003 0.7106E+06  1155.     0.5375E+06  771.3     0.4751E+05  1390.    
  1.318  1.040 0.4538E+07 0.7793E+06 0.2728E+07 0.3913E+06 0.3252E+07 0.2843E+07
  0.272  0.127 0.7904E+07 0.3606E+07 0.2546E+07 0.2771E+06-0.3927E+06 0.9322E+06
  0.459  0.066 0.8273E+07 0.2142E+07 0.3142E+07 0.4231E+06 0.6539E+06 0.3183E+06
  2.527  1.161 0.4419E+07 0.5694E+06 0.9499E+07 0.4225E+07 0.1666E+07 0.1072E+07
  0.818  0.491 0.5059E+08 0.1942E+08 0.1607E+08 0.4334E+07 0.2530E+08 0.1894E+08
  4.158 15.890 0.3472E+08 0.1302E+08 0.1160E+08 0.1858E+07 0.1328E+09 0.1290E+09
  6.154 30.555 0.2180E+08 0.6835E+07 0.2696E+08 0.1315E+08 0.1072E+09 0.1068E+09
  0.106  0.040 0.3003E+09 0.2264E+09 0.2792E+08 0.1187E+08 0.3891E+07 0.1289E+07
  0.255  0.031 0.1230E+08 0.9431E+07 0.2260E+07 0.2341E+06 0.8819E+06 0.2862E+06
  1.680  1.012 0.3550E+07 0.8147E+06 0.2614E+07 0.3650E+06 0.3351E+07 0.1827E+07
  1.412  0.456 0.3417E+07 0.2821E+06 0.3300E+07 0.1236E+07 0.1525E+07 0.5476E+06
  2.918  2.579 0.3136E+07 0.2602E+06 0.3160E+07 0.9645E+06 0.5989E+07 0.2603E+07
  0.911  0.004 0.4225E+06  378.0     0.3355E+06  279.3     0.4938E+05  1370.    
  0.908  0.005 0.4223E+06  377.7     0.3354E+06  278.8     0.4812E+05  1650.    
  0.907  0.004 0.4222E+06  377.7     0.3358E+06  279.5     0.4734E+05  1248.    
  0.912  0.005 0.4226E+06  377.6     0.3354E+06  279.3     0.5010E+05  1503.    
  0.892  0.002 0.2295E+06  196.2     0.1851E+06  153.1     0.1964E+05  404.9    
  0.894  0.003 0.2301E+06  196.6     0.1854E+06  153.6     0.2035E+05  426.9    
  0.892  0.002 0.2299E+06  196.2     0.1852E+06  153.2     0.1993E+05  412.9    
  0.890  0.003 0.2299E+06  196.3     0.1850E+06  153.2     0.1975E+05  416.8    
  0.880  0.002 0.1133E+06  215.3     0.9180E+05  175.6      7923.      163.9    
  0.886  0.003 0.1131E+06  216.6     0.9185E+05  175.1      8365.      252.6    
  0.884  0.003 0.1133E+06  216.1     0.9170E+05  173.6      8384.      224.2    
  0.888  0.005 0.1131E+06  215.6     0.9181E+05  172.9      8641.      383.8    
  0.748  0.001 0.2853E+06  375.8     0.2105E+06  288.5      2813.      90.13    
    NaN    NaN 0.2855E+06  375.6     0.2102E+06  288.3            NaN        NaN
  0.747  0.001 0.2854E+06  375.1     0.2103E+06  288.4      2863.      100.9    
  0.747  0.001 0.2854E+06  375.6     0.2103E+06  288.2      2750.      75.40    
  0.787  0.001 0.2242E+06  208.8     0.1720E+06  159.9      4508.      100.3    
  0.786  0.001 0.2245E+06  208.6     0.1721E+06  159.9      4331.      86.81    
  0.787  0.001 0.2243E+06  208.9     0.1721E+06  159.8      4458.      88.47    
  0.786  0.001 0.2244E+06  208.8     0.1719E+06  159.8      4382.      93.85    
  0.802  0.001 0.2622E+06  215.8     0.2037E+06  163.9      6643.      121.6    
  0.801  0.001 0.2625E+06  216.0     0.2033E+06  163.7      7000.      134.5    
  0.801  0.001 0.2624E+06  216.0     0.2034E+06  163.8      6695.      122.5    
  0.801  0.001 0.2625E+06  215.9     0.2034E+06  163.6      6877.      126.2    
  0.808  0.001 0.2908E+06  229.2     0.2259E+06  170.6      9046.      182.6    
  0.809  0.001 0.2912E+06  229.5     0.2263E+06  170.9      9271.      174.4    
  0.809  0.001 0.2911E+06  229.8     0.2265E+06  170.9      8906.      146.7    
    NaN    NaN 0.2908E+06  229.3     0.2264E+06  170.9            NaN        NaN
  0.819  0.001 0.6469E+06  524.8     0.5032E+06  386.9     0.2673E+05  635.4    
  0.819  0.001 0.6476E+06  526.3     0.5031E+06  385.9     0.2717E+05  592.3    
  0.819  0.001 0.6471E+06  525.3     0.5029E+06  386.9     0.2685E+05  556.9    
  0.818  0.001 0.6472E+06  524.8     0.5030E+06  386.9     0.2637E+05  484.9    
  0.827  0.002 0.3533E+06  370.6     0.2734E+06  259.3     0.1877E+05  467.2    
  0.827  0.002 0.3533E+06  371.6     0.2737E+06  260.2     0.1840E+05  366.6    
  0.823  0.002 0.3539E+06  371.3     0.2729E+06  259.3     0.1847E+05  412.7    
  0.824  0.002 0.3533E+06  370.7     0.2731E+06  259.5     0.1811E+05  384.7    
  0.829  0.003 0.7883E+06  1120.     0.6006E+06  770.1     0.5307E+05  1506.    
  0.836  0.005 0.7889E+06  1123.     0.6005E+06  767.4     0.5865E+05  2717.    
  0.825  0.003 0.7918E+06  1129.     0.6001E+06  768.1     0.5339E+05  1439.    
  0.827  0.002 0.7886E+06  1120.     0.6007E+06  769.8     0.5156E+05  1277.    
  1.275  0.471 0.4538E+07 0.7722E+06 0.4804E+07 0.2019E+07 0.9829E+06 0.4339E+06
  1.252  0.380 0.4371E+07 0.6153E+06 0.4352E+07 0.1359E+07 0.1121E+07 0.5947E+06
104.848104.436 0.9225E+07 0.2479E+07 0.9667E+09 0.9633E+09 0.4732E+06 0.1499E+06
  0.572  0.133 0.6559E+07 0.1800E+07 0.2681E+07 0.3323E+06 0.1074E+07 0.7008E+06
  1.612  0.452 0.1155E+08 0.3541E+07 0.1269E+08 0.3545E+07 0.5925E+07 0.2015E+07
  1.746  1.489 0.1335E+08 0.3080E+07 0.1047E+08 0.2709E+07 0.1284E+08 0.9786E+07
  1.088  0.481 0.1737E+08 0.4990E+07 0.1689E+08 0.8291E+07 0.2008E+07 0.7115E+06
  7.717  5.391 0.9590E+07 0.1735E+07 0.7240E+08 0.4986E+08 0.1601E+07 0.1754E+07
  1.445  0.462 0.5072E+06  1695.     0.3870E+06  1367.     0.3459E+06 0.1333E+06
  1.178  0.166 0.5063E+06  1599.     0.3854E+06  1424.     0.2111E+06 0.5423E+05
  1.753  1.449 0.5129E+06  5082.     0.3936E+06  9805.     0.5056E+06 0.3682E+06
  1.427  0.520 0.5137E+06  6486.     0.4076E+06 0.1764E+05 0.3252E+06 0.1529E+06
  0.897  0.003 0.2390E+06  225.1     0.1895E+06  168.3     0.2480E+05  506.1    
  0.896  0.003 0.2392E+06  225.9     0.1894E+06  167.8     0.2495E+05  496.2    
  0.899  0.006 0.2388E+06  225.4     0.1896E+06  168.0     0.2511E+05  968.9    
  0.901  0.003 0.2388E+06  225.6     0.1897E+06  168.3     0.2538E+05  597.4    
  0.884  0.003 0.1184E+06  210.6     0.9571E+05  170.2      8961.      212.7    
  0.882  0.003 0.1189E+06  212.7     0.9563E+05  167.8      9203.      258.0    
  0.879  0.002 0.1186E+06  210.9     0.9549E+05  168.2      8748.      181.7    
  0.875  0.002 0.1189E+06  212.6     0.9526E+05  167.9      8750.      182.5    
  0.772  0.002 0.4695E+06  1186.     0.3538E+06  929.6      8385.      403.9    
  0.768  0.002 0.4717E+06  1189.     0.3537E+06  926.4      8786.      398.1    
  0.769  0.002 0.4697E+06  1185.     0.3534E+06  927.7      7818.      328.7    
  0.769  0.002 0.4712E+06  1189.     0.3542E+06  929.9      8307.      424.0    
  0.799  0.002 0.1848E+06  367.8     0.1425E+06  281.8      5181.      163.9    
  0.798  0.002 0.1853E+06  367.8     0.1425E+06  282.1      5368.      170.1    
  0.799  0.002 0.1852E+06  367.3     0.1427E+06  282.2      5248.      155.7    
  0.795  0.002 0.1855E+06  368.6     0.1424E+06  281.7      5017.      137.1    
  0.808  0.002 0.2012E+06  381.5     0.1558E+06  291.2      6718.      214.9    
  0.806  0.002 0.2012E+06  382.1     0.1556E+06  290.3      6505.      169.8    
  0.807  0.002 0.2017E+06  381.8     0.1557E+06  290.6      7032.      260.6    
  0.810  0.002 0.2009E+06  380.3     0.1558E+06  290.6      6933.      230.8    
  0.808  0.002 0.2144E+06  399.4     0.1655E+06  300.8      7600.      206.8    
  0.813  0.002 0.2135E+06  398.6     0.1654E+06  300.6      8103.      246.9    
  0.811  0.002 0.2142E+06  399.7     0.1660E+06  301.4      7788.      210.8    
  0.810  0.002 0.2147E+06  401.4     0.1658E+06  301.1      8222.      272.9    
  0.818  0.002 0.4548E+06  869.0     0.3523E+06  648.5     0.1989E+05  535.2    
  0.821  0.003 0.4563E+06  871.4     0.3526E+06  648.6     0.2211E+05  920.9    
  0.816  0.002 0.4570E+06  872.6     0.3530E+06  649.2     0.2011E+05  574.4    
  0.825  0.005 0.4561E+06  870.6     0.3524E+06  649.9     0.2383E+05  1612.    
  0.824  0.003 0.2392E+06  529.8     0.1838E+06  379.1     0.1329E+05  446.8    
  0.826  0.003 0.2382E+06  526.5     0.1839E+06  379.0     0.1278E+05  379.8    
  0.822  0.002 0.2386E+06  524.8     0.1835E+06  376.2     0.1258E+05  355.3    
  0.828  0.003 0.2380E+06  528.5     0.1842E+06  379.1     0.1283E+05  404.3    
  0.835  0.005 0.5043E+06  1406.     0.3855E+06  973.7     0.3585E+05  1860.    
  0.834  0.004 0.5046E+06  1403.     0.3867E+06  978.1     0.3400E+05  1555.    
  0.837  0.006 0.5030E+06  1397.     0.3844E+06  966.9     0.3646E+05  2279.    
  0.831  0.004 0.5035E+06  1398.     0.3855E+06  977.2     0.3267E+05  1526.    
  0.759  0.131 0.1988E+07 0.6041E+06 0.1371E+07 0.2589E+06 0.1394E+06 0.2139E+05
  0.710  0.130 0.1637E+07 0.2305E+06 0.9042E+06 0.7512E+05 0.2581E+06 0.1626E+06
  0.057  0.014 0.3156E+08 0.2957E+08 0.1621E+07 0.4298E+06 0.1848E+06 0.5582E+05
  0.833  0.255 0.1531E+07 0.2172E+06 0.9929E+06 0.1204E+06 0.2830E+06 0.2853E+06
  0.908  0.351 0.1609E+08 0.8429E+07 0.9040E+07 0.4513E+07 0.5574E+07 0.2511E+07
  0.742  0.124 0.4511E+07 0.9990E+06 0.2681E+07 0.4511E+06 0.6684E+06 0.2685E+06
  2.416  1.562 0.6857E+07 0.2375E+07 0.1526E+08 0.1064E+08 0.1306E+07 0.4774E+06
  4.289  3.584 0.6298E+07 0.1623E+07 0.2341E+08 0.2062E+08 0.3603E+07 0.2085E+07
  4.321 11.040 0.1646E+07 0.2481E+06 0.2824E+07 0.1893E+07 0.4288E+07 0.4076E+07
  3.839  2.180 0.1264E+07 0.9435E+05 0.3806E+07 0.1904E+07 0.1046E+07 0.5021E+06
  0.872  0.150 0.1678E+07 0.2741E+06 0.1051E+07 0.1922E+06 0.4108E+06 0.1215E+06
  1.483  0.549 0.1467E+07 0.1546E+06 0.9570E+06 0.9417E+05 0.1218E+07 0.4472E+06
  0.602  0.242 0.1043E+07 0.1227E+06 0.5710E+06 0.4602E+05 0.5693E+05 0.2130E+06
  0.995  1.647 0.1178E+07 0.2476E+06 0.6670E+06 0.9307E+05 0.5047E+06 0.1373E+07
  4.800 10.677 0.8788E+06 0.1024E+06 0.2007E+07 0.8732E+06 0.2211E+07 0.1905E+07
  0.462  0.053 0.1881E+07 0.7305E+06 0.5703E+06 0.6009E+05 0.2982E+06 0.7282E+05
  0.750  0.122 0.8095E+06 0.3029E+06 0.3943E+06 0.4050E+05 0.2130E+06 0.7173E+05
  0.217  0.062 0.3093E+07 0.1800E+07 0.3239E+06 0.1944E+05 0.3484E+06 0.1871E+06
  2.585  2.076 0.9070E+06 0.2500E+06 0.1427E+07 0.9825E+06 0.9175E+06 0.5793E+06
  1.618  1.068 0.8483E+06 0.1678E+06 0.4157E+06 0.4897E+05 0.9564E+06 0.4756E+06
