  0.824  0.003 0.4174     0.9238E-03 0.3293     0.7296E-03 0.1467E-01 0.9007E-03
  0.830  0.004 0.4173     0.9254E-03 0.3302     0.7326E-03 0.1622E-01 0.9728E-03
  0.827  0.003 0.4163     0.9223E-03 0.3305     0.7320E-03 0.1359E-01 0.6958E-03
  0.819  0.003 0.4201     0.9304E-03 0.3295     0.7306E-03 0.1470E-01 0.7341E-03
  0.902  0.004 0.2621E-01 0.4029E-04 0.2168E-01 0.3359E-04 0.1950E-02 0.6366E-04
  0.909  0.006 0.2626E-01 0.4036E-04 0.2167E-01 0.3362E-04 0.2194E-02 0.1074E-03
  0.904  0.005 0.2614E-01 0.4023E-04 0.2165E-01 0.3351E-04 0.1973E-02 0.8907E-04
  0.909  0.004 0.2611E-01 0.4020E-04 0.2168E-01 0.3356E-04 0.2053E-02 0.7797E-04
  0.917  0.005 0.1389E-01 0.2102E-04 0.1148E-01 0.1746E-04 0.1260E-02 0.5480E-04
  0.918  0.006 0.1391E-01 0.2106E-04 0.1151E-01 0.1747E-04 0.1269E-02 0.6536E-04
  0.912  0.007 0.1390E-01 0.2104E-04 0.1150E-01 0.1745E-04 0.1175E-02 0.6552E-04
  0.912  0.006 0.1390E-01 0.2102E-04 0.1148E-01 0.1746E-04 0.1191E-02 0.5737E-04
  0.926  0.007 0.7494E-02 0.1134E-04 0.6210E-02 0.9396E-05 0.7306E-03 0.3741E-04
  0.932  0.006 0.7495E-02 0.1133E-04 0.6214E-02 0.9387E-05 0.7672E-03 0.3463E-04
  0.920  0.005 0.7502E-02 0.1134E-04 0.6218E-02 0.9397E-05 0.6811E-03 0.2411E-04
  0.929  0.008 0.7505E-02 0.1135E-04 0.6215E-02 0.9396E-05 0.7566E-03 0.4260E-04
  0.931  0.004 0.6452E-02 0.9939E-05 0.5342E-02 0.8215E-05 0.6623E-03 0.1964E-04
  0.930  0.006 0.6444E-02 0.9939E-05 0.5330E-02 0.8190E-05 0.6662E-03 0.2706E-04
  0.937  0.007 0.6463E-02 0.9947E-05 0.5337E-02 0.8208E-05 0.7186E-03 0.3200E-04
  0.948  0.021 0.6448E-02 0.9929E-05 0.5338E-02 0.8203E-05 0.7776E-03 0.1003E-03
  0.947  0.010 0.1332E-02 0.2156E-05 0.1101E-02 0.1767E-05 0.1602E-03 0.9362E-05
  0.959  0.011 0.1329E-02 0.2152E-05 0.1095E-02 0.1758E-05 0.1792E-03 0.1013E-04
  0.966  0.022 0.1327E-02 0.2150E-05 0.1099E-02 0.1760E-05 0.1826E-03 0.2115E-04
  0.946  0.007 0.1330E-02 0.2152E-05 0.1098E-02 0.1761E-05 0.1601E-03 0.6991E-05
  0.964  0.009 0.1232E-02 0.2099E-05 0.1020E-02 0.1719E-05 0.1687E-03 0.8185E-05
  0.948  0.007 0.1236E-02 0.2103E-05 0.1018E-02 0.1713E-05 0.1541E-03 0.6115E-05
  0.962  0.012 0.1232E-02 0.2096E-05 0.1017E-02 0.1710E-05 0.1685E-03 0.1085E-04
  0.972  0.018 0.1235E-02 0.2104E-05 0.1019E-02 0.1712E-05 0.1814E-03 0.1553E-04
  0.966  0.008 0.5471E-03 0.1023E-05 0.4486E-03 0.8286E-06 0.8021E-04 0.3101E-05
  0.971  0.008 0.5450E-03 0.1022E-05 0.4484E-03 0.8292E-06 0.8070E-04 0.3240E-05
  1.014  0.033 0.5447E-03 0.1024E-05 0.4478E-03 0.8292E-06 0.1047E-03 0.1252E-04
  1.004  0.016 0.5441E-03 0.1019E-05 0.4476E-03 0.8279E-06 0.9848E-04 0.6135E-05
  1.026  0.015 0.1546E-03 0.3323E-06 0.1263E-03 0.2666E-06 0.3239E-04 0.1614E-05
  1.029  0.013 0.1532E-03 0.3289E-06 0.1263E-03 0.2668E-06 0.3138E-04 0.1359E-05
  1.025  0.015 0.1543E-03 0.3312E-06 0.1258E-03 0.2648E-06 0.3234E-04 0.1587E-05
  1.035  0.024 0.1541E-03 0.3311E-06 0.1263E-03 0.2666E-06 0.3324E-04 0.2583E-05
  1.141  0.075 0.1480E-04 0.3745E-07 0.1208E-04 0.3001E-07 0.4809E-05 0.7297E-06
  1.102  0.045 0.1491E-04 0.3775E-07 0.1205E-04 0.2990E-07 0.4368E-05 0.4535E-06
  1.106  0.033 0.1479E-04 0.3749E-07 0.1206E-04 0.2990E-07 0.4295E-05 0.3305E-06
  1.111  0.023 0.1479E-04 0.3740E-07 0.1211E-04 0.3016E-07 0.4318E-05 0.2291E-06
  1.235  0.056 0.2888E-05 0.7957E-08 0.2351E-05 0.6358E-08 0.1214E-05 0.1025E-06
  1.164  0.026 0.2904E-05 0.7993E-08 0.2340E-05 0.6354E-08 0.1040E-05 0.4866E-07
  1.161  0.035 0.2906E-05 0.8025E-08 0.2338E-05 0.6365E-08 0.1034E-05 0.6607E-07
  1.248  0.076 0.2881E-05 0.7939E-08 0.2342E-05 0.6360E-08 0.1252E-05 0.1373E-06
  1.312  0.058 0.2601E-06 0.8342E-09 0.2088E-06 0.6611E-09 0.1325E-06 0.9141E-08
  1.281  0.044 0.2600E-06 0.8341E-09 0.2108E-06 0.6649E-09 0.1223E-06 0.6990E-08
  1.295  0.050 0.2594E-06 0.8336E-09 0.2086E-06 0.6598E-09 0.1273E-06 0.7867E-08
  1.359  0.157 0.2604E-06 0.8336E-09 0.2097E-06 0.6618E-09 0.1443E-06 0.2415E-07
  0.790  0.002 0.9202E-03 0.1452E-05 0.7028E-03 0.1105E-05 0.2405E-04 0.7357E-06
  0.790  0.002 0.9205E-03 0.1448E-05 0.7025E-03 0.1108E-05 0.2484E-04 0.8333E-06
  0.790  0.002 0.9213E-03 0.1452E-05 0.7030E-03 0.1108E-05 0.2482E-04 0.9691E-06
  0.791  0.002 0.9210E-03 0.1448E-05 0.7030E-03 0.1107E-05 0.2522E-04 0.7436E-06
  0.881  0.002 0.1052E-03 0.1059E-06 0.8603E-04 0.8839E-07 0.6627E-05 0.1500E-06
  0.881  0.002 0.1052E-03 0.1060E-06 0.8605E-04 0.8833E-07 0.6594E-05 0.1555E-06
  0.881  0.002 0.1051E-03 0.1059E-06 0.8612E-04 0.8848E-07 0.6491E-05 0.1399E-06
  0.882  0.002 0.1052E-03 0.1059E-06 0.8600E-04 0.8839E-07 0.6802E-05 0.1579E-06
  0.891  0.002 0.5540E-04 0.5338E-07 0.4563E-04 0.4466E-07 0.3750E-05 0.7752E-07
  0.893  0.002 0.5534E-04 0.5335E-07 0.4557E-04 0.4461E-07 0.3862E-05 0.7911E-07
  0.891  0.002 0.5542E-04 0.5337E-07 0.4552E-04 0.4454E-07 0.3890E-05 0.7999E-07
  0.891  0.002 0.5537E-04 0.5337E-07 0.4557E-04 0.4461E-07 0.3786E-05 0.7112E-07
  0.897  0.002 0.2926E-04 0.2744E-07 0.2420E-04 0.2298E-07 0.2027E-05 0.3623E-07
  0.898  0.002 0.2932E-04 0.2750E-07 0.2415E-04 0.2293E-07 0.2172E-05 0.4755E-07
  0.899  0.002 0.2934E-04 0.2749E-07 0.2422E-04 0.2295E-07 0.2149E-05 0.4774E-07
  0.903  0.002 0.2927E-04 0.2746E-07 0.2422E-04 0.2297E-07 0.2207E-05 0.4535E-07
  0.903  0.002 0.2417E-04 0.2218E-07 0.1999E-04 0.1850E-07 0.1837E-05 0.3566E-07
  0.906  0.002 0.2417E-04 0.2215E-07 0.2000E-04 0.1850E-07 0.1898E-05 0.3642E-07
  0.905  0.003 0.2416E-04 0.2215E-07 0.1999E-04 0.1853E-07 0.1878E-05 0.4740E-07
  0.904  0.002 0.2414E-04 0.2215E-07 0.1999E-04 0.1851E-07 0.1832E-05 0.3429E-07
  0.910  0.002 0.4656E-05 0.4115E-08 0.3856E-05 0.3429E-08 0.3795E-06 0.7641E-08
  0.914  0.003 0.4652E-05 0.4106E-08 0.3854E-05 0.3429E-08 0.3965E-06 0.9146E-08
  0.908  0.002 0.4655E-05 0.4110E-08 0.3862E-05 0.3440E-08 0.3654E-06 0.6430E-08
  0.912  0.002 0.4655E-05 0.4109E-08 0.3859E-05 0.3435E-08 0.3845E-06 0.7592E-08
  0.911  0.002 0.4050E-05 0.3496E-08 0.3353E-05 0.2921E-08 0.3363E-06 0.5849E-08
  0.911  0.002 0.4048E-05 0.3497E-08 0.3344E-05 0.2919E-08 0.3425E-06 0.7122E-08
  0.913  0.002 0.4054E-05 0.3502E-08 0.3351E-05 0.2915E-08 0.3482E-06 0.6766E-08
  0.913  0.003 0.4049E-05 0.3497E-08 0.3349E-05 0.2918E-08 0.3493E-06 0.7284E-08
  0.917  0.002 0.1601E-05 0.1322E-08 0.1325E-05 0.1105E-08 0.1437E-06 0.2755E-08
  0.920  0.002 0.1599E-05 0.1323E-08 0.1325E-05 0.1105E-08 0.1453E-06 0.2670E-08
  0.920  0.003 0.1602E-05 0.1325E-08 0.1327E-05 0.1107E-08 0.1468E-06 0.2946E-08
  0.919  0.002 0.1600E-05 0.1324E-08 0.1326E-05 0.1105E-08 0.1446E-06 0.2712E-08
  0.935  0.003 0.3937E-06 0.3068E-09 0.3261E-06 0.2564E-09 0.4222E-07 0.8224E-09
  0.931  0.003 0.3942E-06 0.3069E-09 0.3260E-06 0.2563E-09 0.4114E-07 0.8258E-09
  0.934  0.003 0.3942E-06 0.3069E-09 0.3254E-06 0.2562E-09 0.4264E-07 0.8393E-09
  0.933  0.003 0.3942E-06 0.3067E-09 0.3256E-06 0.2561E-09 0.4208E-07 0.8123E-09
  0.959  0.004 0.3464E-07 0.2870E-10 0.2849E-07 0.2365E-10 0.4742E-08 0.9974E-10
  0.960  0.004 0.3471E-07 0.2872E-10 0.2851E-07 0.2365E-10 0.4803E-08 0.9667E-10
  0.959  0.004 0.3469E-07 0.2868E-10 0.2852E-07 0.2365E-10 0.4739E-08 0.9404E-10
  0.955  0.004 0.3467E-07 0.2870E-10 0.2851E-07 0.2365E-10 0.4592E-08 0.8748E-10
  0.981  0.005 0.7250E-08 0.7308E-11 0.5925E-08 0.5933E-11 0.1189E-08 0.2520E-10
  0.982  0.005 0.7254E-08 0.7311E-11 0.5922E-08 0.5930E-11 0.1200E-08 0.2511E-10
  0.989  0.005 0.7249E-08 0.7310E-11 0.5938E-08 0.5944E-11 0.1231E-08 0.2661E-10
  0.983  0.006 0.7257E-08 0.7321E-11 0.5930E-08 0.5941E-11 0.1207E-08 0.3038E-10
  1.030  0.008 0.8962E-09 0.1196E-11 0.7264E-09 0.9606E-12 0.1967E-09 0.5216E-11
  1.019  0.007 0.8959E-09 0.1195E-11 0.7254E-09 0.9553E-12 0.1877E-09 0.4469E-11
  1.016  0.007 0.8960E-09 0.1195E-11 0.7268E-09 0.9571E-12 0.1837E-09 0.4231E-11
  1.032  0.009 0.8938E-09 0.1196E-11 0.7279E-09 0.9589E-12 0.1948E-09 0.5631E-11
  0.771  0.002 0.1027E-03 0.2059E-06 0.7704E-04 0.1548E-06 0.2119E-05 0.6721E-07
    NaN    NaN 0.1027E-03 0.2063E-06 0.7730E-04 0.1552E-06        NaN        NaN
  0.778  0.002 0.1024E-03 0.2057E-06 0.7743E-04 0.1554E-06 0.2217E-05 0.7822E-07
    NaN    NaN 0.1024E-03 0.2056E-06 0.7745E-04 0.1556E-06        NaN        NaN
  0.868  0.002 0.1383E-04 0.1873E-07 0.1125E-04 0.1552E-07 0.7603E-06 0.2045E-07
  0.873  0.002 0.1378E-04 0.1869E-07 0.1128E-04 0.1554E-07 0.7498E-06 0.2110E-07
  0.870  0.002 0.1384E-04 0.1871E-07 0.1129E-04 0.1557E-07 0.7557E-06 0.2022E-07
  0.871  0.002 0.1381E-04 0.1869E-07 0.1126E-04 0.1553E-07 0.7652E-06 0.2115E-07
    NaN    NaN 0.7227E-05 0.9556E-08 0.5929E-05 0.7948E-08        NaN        NaN
  0.882  0.002 0.7230E-05 0.9562E-08 0.5948E-05 0.7949E-08 0.4295E-06 0.9737E-08
  0.881  0.002 0.7218E-05 0.9563E-08 0.5921E-05 0.7938E-08 0.4382E-06 0.1180E-07
  0.884  0.002 0.7227E-05 0.9557E-08 0.5953E-05 0.7954E-08 0.4374E-06 0.1109E-07
  0.887  0.002 0.3788E-05 0.4958E-08 0.3124E-05 0.4115E-08 0.2369E-06 0.6143E-08
  0.886  0.002 0.3790E-05 0.4959E-08 0.3123E-05 0.4113E-08 0.2369E-06 0.6211E-08
  0.891  0.002 0.3785E-05 0.4951E-08 0.3132E-05 0.4129E-08 0.2396E-06 0.5662E-08
  0.889  0.002 0.3785E-05 0.4959E-08 0.3130E-05 0.4126E-08 0.2350E-06 0.5597E-08
  0.892  0.003 0.3072E-05 0.4019E-08 0.2540E-05 0.3334E-08 0.1989E-06 0.5918E-08
  0.894  0.003 0.3068E-05 0.4010E-08 0.2543E-05 0.3340E-08 0.1987E-06 0.5544E-08
  0.892  0.002 0.3070E-05 0.4009E-08 0.2544E-05 0.3343E-08 0.1957E-06 0.4588E-08
  0.893  0.002 0.3064E-05 0.4001E-08 0.2545E-05 0.3343E-08 0.1914E-06 0.4017E-08
  0.892  0.002 0.5790E-06 0.7480E-09 0.4793E-06 0.6212E-09 0.3743E-07 0.9231E-09
  0.898  0.002 0.5774E-06 0.7451E-09 0.4798E-06 0.6221E-09 0.3878E-07 0.9684E-09
  0.897  0.003 0.5783E-06 0.7473E-09 0.4787E-06 0.6204E-09 0.3998E-07 0.1383E-08
  0.899  0.003 0.5760E-06 0.7443E-09 0.4793E-06 0.6204E-09 0.3867E-07 0.9762E-09
  0.899  0.003 0.4903E-06 0.6320E-09 0.4059E-06 0.5244E-09 0.3498E-07 0.9573E-09
  0.894  0.002 0.4905E-06 0.6317E-09 0.4060E-06 0.5244E-09 0.3275E-07 0.8153E-09
  0.900  0.003 0.4901E-06 0.6312E-09 0.4064E-06 0.5256E-09 0.3477E-07 0.1007E-08
  0.896  0.002 0.4896E-06 0.6310E-09 0.4064E-06 0.5249E-09 0.3213E-07 0.6834E-09
  0.896  0.002 0.1844E-06 0.2346E-09 0.1528E-06 0.1949E-09 0.1244E-07 0.2886E-09
  0.898  0.003 0.1846E-06 0.2350E-09 0.1529E-06 0.1952E-09 0.1282E-07 0.3144E-09
  0.899  0.002 0.1845E-06 0.2349E-09 0.1533E-06 0.1954E-09 0.1256E-07 0.2500E-09
  0.899  0.002 0.1844E-06 0.2349E-09 0.1529E-06 0.1950E-09 0.1281E-07 0.3054E-09
  0.906  0.003 0.4180E-07 0.5115E-10 0.3452E-07 0.4241E-10 0.3350E-08 0.8708E-10
  0.904  0.003 0.4160E-07 0.5083E-10 0.3451E-07 0.4238E-10 0.3106E-08 0.7139E-10
  0.908  0.003 0.4168E-07 0.5110E-10 0.3462E-07 0.4251E-10 0.3231E-08 0.7565E-10
  0.909  0.003 0.4169E-07 0.5099E-10 0.3461E-07 0.4252E-10 0.3304E-08 0.9186E-10
  0.928  0.004 0.3195E-08 0.3597E-11 0.2645E-08 0.2995E-11 0.3209E-09 0.8969E-11
  0.920  0.003 0.3199E-08 0.3603E-11 0.2642E-08 0.2992E-11 0.3026E-09 0.7133E-11
  0.926  0.004 0.3194E-08 0.3593E-11 0.2639E-08 0.2988E-11 0.3185E-09 0.8188E-11
  0.924  0.004 0.3199E-08 0.3599E-11 0.2642E-08 0.2991E-11 0.3125E-09 0.7961E-11
  0.938  0.004 0.6220E-09 0.7117E-12 0.5127E-09 0.5886E-12 0.7071E-10 0.1686E-11
  0.944  0.004 0.6215E-09 0.7107E-12 0.5131E-09 0.5893E-12 0.7326E-10 0.1760E-11
  0.943  0.005 0.6222E-09 0.7111E-12 0.5125E-09 0.5891E-12 0.7426E-10 0.2078E-11
  0.939  0.004 0.6231E-09 0.7120E-12 0.5129E-09 0.5890E-12 0.7203E-10 0.1692E-11
  0.960  0.005 0.8090E-10 0.1150E-12 0.6587E-10 0.9317E-13 0.1181E-10 0.2578E-12
  0.967  0.006 0.8079E-10 0.1149E-12 0.6589E-10 0.9329E-13 0.1220E-10 0.3382E-12
  0.978  0.008 0.8073E-10 0.1148E-12 0.6604E-10 0.9323E-13 0.1292E-10 0.4639E-12
  0.968  0.006 0.8071E-10 0.1147E-12 0.6599E-10 0.9298E-13 0.1210E-10 0.3301E-12
  0.760  0.002 0.5135E-05 0.1487E-07 0.3825E-05 0.1108E-07 0.7713E-07 0.4572E-08
    NaN    NaN 0.5131E-05 0.1485E-07 0.3816E-05 0.1106E-07        NaN        NaN
  0.757  0.003 0.5145E-05 0.1490E-07 0.3812E-05 0.1105E-07 0.8404E-07 0.6649E-08
  0.755  0.002 0.5163E-05 0.1495E-07 0.3825E-05 0.1107E-07 0.7210E-07 0.3930E-08
  0.855  0.003 0.7753E-06 0.1592E-08 0.6316E-06 0.1317E-08 0.3152E-07 0.1531E-08
  0.855  0.003 0.7762E-06 0.1593E-08 0.6319E-06 0.1318E-08 0.3154E-07 0.1711E-08
  0.853  0.003 0.7756E-06 0.1594E-08 0.6315E-06 0.1315E-08 0.3045E-07 0.1289E-08
  0.854  0.003 0.7741E-06 0.1592E-08 0.6311E-06 0.1320E-08 0.2995E-07 0.1230E-08
  0.870  0.003 0.4006E-06 0.8171E-09 0.3304E-06 0.6786E-09 0.1801E-07 0.7206E-09
  0.866  0.003 0.4009E-06 0.8193E-09 0.3293E-06 0.6768E-09 0.1799E-07 0.7387E-09
  0.865  0.003 0.4006E-06 0.8175E-09 0.3286E-06 0.6765E-09 0.1798E-07 0.7731E-09
  0.871  0.003 0.4006E-06 0.8164E-09 0.3305E-06 0.6799E-09 0.1821E-07 0.7254E-09
  0.873  0.003 0.2074E-06 0.4236E-09 0.1711E-06 0.3509E-09 0.1006E-07 0.4727E-09
  0.870  0.003 0.2072E-06 0.4231E-09 0.1708E-06 0.3507E-09 0.9474E-08 0.3759E-09
  0.866  0.003 0.2071E-06 0.4231E-09 0.1706E-06 0.3507E-09 0.8762E-08 0.3906E-09
    NaN    NaN 0.2073E-06 0.4233E-09 0.1710E-06 0.3508E-09        NaN        NaN
  0.872  0.003 0.1641E-06 0.3389E-09 0.1359E-06 0.2815E-09 0.7222E-08 0.2739E-09
  0.873  0.003 0.1648E-06 0.3410E-09 0.1366E-06 0.2826E-09 0.7290E-08 0.2986E-09
  0.871  0.003 0.1644E-06 0.3393E-09 0.1362E-06 0.2821E-09 0.7091E-08 0.2654E-09
  0.874  0.003 0.1643E-06 0.3395E-09 0.1360E-06 0.2819E-09 0.7526E-08 0.3321E-09
  0.872  0.004 0.3017E-07 0.6257E-10 0.2493E-07 0.5187E-10 0.1373E-08 0.8474E-10
  0.875  0.004 0.3009E-07 0.6238E-10 0.2483E-07 0.5165E-10 0.1488E-08 0.7438E-10
  0.876  0.003 0.3003E-07 0.6228E-10 0.2493E-07 0.5179E-10 0.1355E-08 0.6045E-10
  0.873  0.003 0.3009E-07 0.6243E-10 0.2491E-07 0.5179E-10 0.1347E-08 0.5390E-10
  0.867  0.003 0.2499E-07 0.5232E-10 0.2058E-07 0.4315E-10 0.1091E-08 0.5203E-10
  0.875  0.003 0.2482E-07 0.5204E-10 0.2062E-07 0.4326E-10 0.1096E-08 0.4728E-10
  0.874  0.003 0.2478E-07 0.5205E-10 0.2057E-07 0.4310E-10 0.1090E-08 0.5106E-10
  0.875  0.003 0.2487E-07 0.5211E-10 0.2065E-07 0.4321E-10 0.1097E-08 0.5456E-10
  0.863  0.003 0.8925E-08 0.1884E-10 0.7356E-08 0.1556E-10 0.3463E-09 0.1282E-10
  0.869  0.003 0.8916E-08 0.1887E-10 0.7365E-08 0.1558E-10 0.3782E-09 0.1728E-10
  0.876  0.003 0.8873E-08 0.1877E-10 0.7381E-08 0.1564E-10 0.3905E-09 0.1837E-10
  0.878  0.004 0.8859E-08 0.1869E-10 0.7376E-08 0.1558E-10 0.3977E-09 0.2098E-10
  0.879  0.005 0.1827E-08 0.3870E-11 0.1522E-08 0.3230E-11 0.8449E-10 0.6870E-11
  0.875  0.003 0.1826E-08 0.3874E-11 0.1516E-08 0.3222E-11 0.8077E-10 0.3834E-11
  0.874  0.004 0.1831E-08 0.3883E-11 0.1515E-08 0.3221E-11 0.8518E-10 0.4816E-11
  0.877  0.004 0.1820E-08 0.3861E-11 0.1517E-08 0.3222E-11 0.7909E-10 0.4354E-11
  0.889  0.005 0.1176E-09 0.2391E-12 0.9781E-10 0.1990E-12 0.6730E-11 0.3703E-12
  0.884  0.004 0.1180E-09 0.2404E-12 0.9773E-10 0.1988E-12 0.6621E-11 0.2985E-12
  0.891  0.005 0.1178E-09 0.2391E-12 0.9774E-10 0.1990E-12 0.7117E-11 0.4234E-12
  0.883  0.004 0.1177E-09 0.2395E-12 0.9759E-10 0.1984E-12 0.6282E-11 0.3018E-12
  0.900  0.005 0.1914E-10 0.3720E-13 0.1595E-10 0.3104E-13 0.1269E-11 0.6377E-13
  0.897  0.004 0.1914E-10 0.3720E-13 0.1596E-10 0.3102E-13 0.1201E-11 0.5151E-13
  0.903  0.005 0.1914E-10 0.3721E-13 0.1593E-10 0.3096E-13 0.1351E-11 0.7357E-13
  0.903  0.005 0.1918E-10 0.3723E-13 0.1597E-10 0.3103E-13 0.1341E-11 0.6204E-13
  0.919  0.007 0.2232E-11 0.4396E-14 0.1853E-11 0.3662E-14 0.1986E-12 0.1161E-13
  0.914  0.005 0.2233E-11 0.4404E-14 0.1850E-11 0.3651E-14 0.1916E-12 0.7069E-14
  0.906  0.004 0.2239E-11 0.4412E-14 0.1844E-11 0.3645E-14 0.1836E-12 0.6722E-14
  0.906  0.006 0.2241E-11 0.4428E-14 0.1844E-11 0.3637E-14 0.1877E-12 0.9222E-14
  0.805  0.008 0.2151E-07 0.1762E-09 0.1704E-07 0.1406E-09 0.2682E-09 0.7635E-10
  0.817  0.012 0.2145E-07 0.1746E-09 0.1713E-07 0.1415E-09 0.4030E-09 0.1694E-09
  0.795  0.010 0.2176E-07 0.1781E-09 0.1698E-07 0.1407E-09 0.3261E-09 0.1367E-09
  0.809  0.009 0.2181E-07 0.1783E-09 0.1745E-07 0.1432E-09 0.1972E-09 0.1071E-09
  0.840  0.011 0.7244E-09 0.5904E-11 0.6036E-09 0.4926E-11 0.5197E-11 0.4481E-11
  0.851  0.024 0.7316E-09 0.5943E-11 0.6109E-09 0.4933E-11 0.1151E-10 0.1291E-10
  0.834  0.010 0.7336E-09 0.5952E-11 0.6089E-09 0.4928E-11 0.2790E-11 0.3810E-11
  0.841  0.011 0.7348E-09 0.5955E-11 0.6041E-09 0.4937E-11 0.1394E-10 0.4805E-11
  0.846  0.021 0.3799E-09 0.3053E-11 0.3135E-09 0.2529E-11 0.8080E-11 0.5674E-11
  0.835  0.012 0.3813E-09 0.3047E-11 0.3169E-09 0.2552E-11 0.1514E-11 0.2822E-11
  0.841  0.026 0.3837E-09 0.3066E-11 0.3111E-09 0.2499E-11 0.1168E-10 0.7385E-11
  0.836  0.014 0.3843E-09 0.3066E-11 0.3175E-09 0.2555E-11 0.3890E-11 0.3539E-11
  0.781  0.006 0.2763E-09 0.1618E-11 0.2121E-09 0.1311E-11 0.3866E-11 0.8525E-12
  0.783  0.010 0.2728E-09 0.1598E-11 0.2119E-09 0.1321E-11 0.1718E-11 0.1972E-11
  0.799  0.011 0.2763E-09 0.1621E-11 0.2140E-09 0.1324E-11 0.6772E-11 0.2090E-11
  0.792  0.007 0.2759E-09 0.1620E-11 0.2148E-09 0.1329E-11 0.3616E-11 0.1092E-11
  0.753  0.005 0.1380E-08 0.4296E-11 0.9533E-09 0.2961E-11 0.8582E-10 0.5300E-11
  0.758  0.008 0.1376E-08 0.4297E-11 0.9570E-09 0.2966E-11 0.8566E-10 0.8730E-11
  0.755  0.007 0.1377E-08 0.4304E-11 0.9599E-09 0.2976E-11 0.8030E-10 0.6794E-11
  0.745  0.004 0.1378E-08 0.4303E-11 0.9512E-09 0.2953E-11 0.7558E-10 0.3971E-11
  0.768  0.006 0.1653E-08 0.5943E-11 0.1135E-08 0.3986E-11 0.1336E-09 0.7672E-11
  0.781  0.011 0.1650E-08 0.5937E-11 0.1141E-08 0.4013E-11 0.1488E-09 0.1385E-10
  0.775  0.006 0.1651E-08 0.5928E-11 0.1142E-08 0.4016E-11 0.1369E-09 0.6666E-11
  0.767  0.005 0.1653E-08 0.5938E-11 0.1137E-08 0.3997E-11 0.1313E-09 0.6110E-11
  0.799  0.005 0.6188E-08 0.2005E-10 0.4317E-08 0.1378E-10 0.6255E-09 0.2301E-10
  0.795  0.005 0.6163E-08 0.2001E-10 0.4290E-08 0.1370E-10 0.6109E-09 0.2063E-10
  0.798  0.005 0.6182E-08 0.2006E-10 0.4308E-08 0.1376E-10 0.6225E-09 0.2423E-10
  0.800  0.006 0.6181E-08 0.2005E-10 0.4288E-08 0.1371E-10 0.6566E-09 0.2736E-10
  0.836  0.010 0.1574E-07 0.4894E-10 0.1099E-07 0.3383E-10 0.2173E-08 0.1169E-09
  0.834  0.008 0.1573E-07 0.4897E-10 0.1100E-07 0.3380E-10 0.2133E-08 0.9192E-10
  0.833  0.005 0.1570E-07 0.4884E-10 0.1108E-07 0.3401E-10 0.2004E-08 0.5878E-10
  0.830  0.007 0.1569E-07 0.4880E-10 0.1101E-07 0.3388E-10 0.2014E-08 0.7640E-10
  0.872  0.009 0.2672E-07 0.8174E-10 0.1889E-07 0.5712E-10 0.4423E-08 0.1660E-09
  0.873  0.007 0.2657E-07 0.8124E-10 0.1891E-07 0.5715E-10 0.4278E-08 0.1312E-09
  0.883  0.015 0.2665E-07 0.8138E-10 0.1882E-07 0.5698E-10 0.4712E-08 0.3002E-09
  0.882  0.008 0.2662E-07 0.8131E-10 0.1900E-07 0.5740E-10 0.4480E-08 0.1498E-09
  0.929  0.011 0.1084E-07 0.3893E-10 0.7839E-08 0.2739E-10 0.2233E-08 0.8304E-10
  0.926  0.018 0.1090E-07 0.3895E-10 0.7792E-08 0.2730E-10 0.2298E-08 0.1395E-09
  0.931  0.010 0.1083E-07 0.3884E-10 0.7848E-08 0.2745E-10 0.2237E-08 0.7701E-10
  0.933  0.012 0.1085E-07 0.3891E-10 0.7809E-08 0.2734E-10 0.2316E-08 0.9589E-10
  0.969  0.014 0.4580E-08 0.1751E-10 0.3333E-08 0.1240E-10 0.1105E-08 0.4616E-10
  0.969  0.014 0.4612E-08 0.1757E-10 0.3340E-08 0.1240E-10 0.1130E-08 0.4599E-10
  0.980  0.016 0.4592E-08 0.1759E-10 0.3331E-08 0.1239E-10 0.1171E-08 0.5216E-10
  0.984  0.020 0.4587E-08 0.1751E-10 0.3339E-08 0.1242E-10 0.1177E-08 0.6340E-10
  1.031  0.020 0.7925E-09 0.3370E-11 0.5833E-09 0.2406E-11 0.2341E-09 0.1081E-10
  1.039  0.021 0.7962E-09 0.3376E-11 0.5841E-09 0.2405E-11 0.2429E-09 0.1159E-10
  1.028  0.020 0.7934E-09 0.3375E-11 0.5836E-09 0.2404E-11 0.2321E-09 0.1085E-10
  1.018  0.020 0.8001E-09 0.3401E-11 0.5796E-09 0.2392E-11 0.2346E-09 0.1112E-10
