  0.799  0.001 0.2729E+06  432.0     0.2196E+06  358.5     -1438.      83.78    
  0.801  0.001 0.2727E+06  431.4     0.2199E+06  360.0     -1477.      75.33    
  0.804  0.001 0.2724E+06  431.7     0.2203E+06  360.1     -1294.      56.86    
  0.798  0.001 0.2736E+06  432.9     0.2198E+06  358.8     -1368.      58.80    
  0.827  0.001 0.6813E+05  82.11     0.5701E+05  69.30     -660.3      22.05    
  0.824  0.001 0.6823E+05  82.19     0.5690E+05  69.35     -695.0      25.61    
  0.825  0.001 0.6815E+05  82.12     0.5691E+05  69.11     -668.3      26.79    
  0.827  0.001 0.6799E+05  81.95     0.5692E+05  69.18     -665.9      24.33    
  0.825  0.001 0.6048E+05  72.74     0.5057E+05  61.25     -655.2      24.67    
  0.824  0.001 0.6056E+05  72.94     0.5057E+05  61.31     -655.5      24.67    
  0.828  0.001 0.6045E+05  72.81     0.5064E+05  61.35     -611.3      28.91    
  0.824  0.001 0.6044E+05  72.76     0.5049E+05  61.28     -660.1      30.89    
  0.827  0.001 0.5358E+05  64.54     0.4492E+05  54.37     -584.4      20.83    
  0.825  0.001 0.5359E+05  64.50     0.4487E+05  54.33     -650.0      25.34    
  0.826  0.001 0.5357E+05  64.55     0.4486E+05  54.28     -589.2      20.16    
  0.824  0.001 0.5362E+05  64.52     0.4480E+05  54.18     -611.0      33.15    
  0.827  0.001 0.8949E+05  110.1     0.7501E+05  92.93     -987.5      27.71    
  0.826  0.001 0.8945E+05  110.3     0.7489E+05  92.68     -1035.      41.87    
  0.822  0.001 0.8958E+05  110.3     0.7471E+05  92.56     -1048.      45.30    
  0.827  0.001 0.8943E+05  110.1     0.7490E+05  92.64     -978.0      36.93    
  0.824  0.001 0.3733E+05  44.89     0.3118E+05  37.70     -420.1      22.67    
  0.827  0.001 0.3716E+05  44.69     0.3118E+05  37.72     -455.1      23.50    
  0.828  0.001 0.3719E+05  44.70     0.3121E+05  37.72     -406.4      19.08    
  0.829  0.001 0.3718E+05  44.71     0.3121E+05  37.78     -404.1      14.00    
  0.827  0.001 0.6212E+05  76.54     0.5208E+05  64.46     -683.9      26.52    
  0.827  0.001 0.6219E+05  76.73     0.5208E+05  64.54     -623.1      26.13    
  0.828  0.001 0.6220E+05  76.66     0.5214E+05  64.59     -652.0      27.54    
  0.829  0.001 0.6208E+05  76.48     0.5215E+05  64.62     -709.7      40.29    
  0.829  0.001 0.6895E+05  88.38     0.5778E+05  74.52     -617.4      22.65    
  0.827  0.001 0.6899E+05  88.54     0.5769E+05  74.41     -607.4      19.98    
  0.828  0.002 0.6884E+05  88.48     0.5777E+05  74.58     -740.0      59.11    
  0.828  0.001 0.6882E+05  88.34     0.5773E+05  74.45     -717.5      38.00    
  0.829  0.001 0.7055E+05  103.0     0.5896E+05  86.57     -490.8      27.43    
  0.833  0.001 0.7013E+05  102.2     0.5893E+05  86.78     -481.5      36.58    
  0.831  0.001 0.7038E+05  102.9     0.5893E+05  86.84     -424.6      27.26    
  0.833  0.001 0.7021E+05  102.1     0.5895E+05  86.35     -468.2      39.26    
  0.838  0.001 0.3040E+05  44.21     0.2549E+05  37.31     -23.54      12.54    
  0.833  0.001 0.3042E+05  44.12     0.2538E+05  37.15     -33.78      11.95    
  0.838  0.001 0.3042E+05  44.18     0.2550E+05  37.32     -16.45      9.172    
  0.838  0.001 0.3037E+05  44.14     0.2548E+05  37.36     -33.97      9.939    
  0.842  0.002 0.2136E+05  37.50     0.1783E+05  31.55      159.6      18.20    
  0.839  0.003 0.2147E+05  37.74     0.1782E+05  31.60      186.7      51.50    
  0.839  0.002 0.2139E+05  37.53     0.1783E+05  31.59      122.1      8.516    
  0.838  0.002 0.2142E+05  37.60     0.1782E+05  31.54      142.6      13.05    
  0.840  0.003 0.1020E+05  27.14      8404.      22.10      162.7      14.33    
  0.840  0.002 0.1021E+05  27.39      8421.      22.04      151.8      7.759    
  0.836  0.003 0.1021E+05  27.59      8376.      21.91      160.2      10.04    
  0.834  0.002 0.1023E+05  27.41      8387.      22.07      148.8      9.726    
  0.777  0.001 0.1726E+05  20.02     0.1344E+05  16.26     -36.60      1.595    
  0.773  0.001 0.1730E+05  20.07     0.1342E+05  16.25     -36.62      1.720    
  0.774  0.001 0.1730E+05  20.08     0.1342E+05  16.25     -34.59      1.201    
  0.774  0.001 0.1729E+05  20.04     0.1342E+05  16.23     -38.39      1.765    
  0.812  0.001  6255.      5.024      5120.      4.208     -38.94      1.046    
  0.813  0.001  6253.      5.023      5125.      4.208     -40.37      1.148    
  0.812  0.001  6255.      5.025      5122.      4.212     -40.64      1.055    
  0.811  0.001  6255.      5.022      5116.      4.210     -42.18      1.287    
  0.816  0.001  5613.      4.366      4629.      3.660     -46.61      1.264    
  0.816  0.001  5609.      4.367      4627.      3.659     -49.26      1.381    
  0.815  0.001  5618.      4.365      4626.      3.657     -46.02      1.130    
  0.815  0.001  5613.      4.367      4626.      3.657     -49.39      1.332    
  0.819  0.001  4984.      3.842      4132.      3.217     -48.88      1.217    
  0.816  0.001  4987.      3.845      4123.      3.215     -52.71      1.446    
  0.817  0.001  4995.      3.846      4134.      3.214     -52.47      1.412    
  0.819  0.001  4984.      3.843      4135.      3.214     -51.58      1.281    
  0.819  0.001  8349.      6.652      6925.      5.542     -90.69      1.888    
  0.820  0.001  8350.      6.646      6941.      5.556     -96.35      2.564    
  0.818  0.001  8347.      6.654      6925.      5.553     -95.59      2.717    
  0.818  0.001  8347.      6.656      6927.      5.546     -97.11      2.696    
  0.819  0.001  3475.      2.667      2886.      2.220     -41.01      1.003    
  0.818  0.001  3475.      2.665      2884.      2.220     -42.54      1.128    
  0.819  0.001  3475.      2.667      2888.      2.224     -42.41      1.004    
  0.819  0.001  3475.      2.667      2888.      2.222     -41.60      1.034    
  0.818  0.001  5807.      4.623      4818.      3.847     -69.86      1.701    
  0.817  0.001  5806.      4.623      4818.      3.852     -71.56      1.865    
  0.817  0.001  5815.      4.628      4822.      3.845     -69.56      1.506    
  0.819  0.001  5804.      4.624      4824.      3.851     -72.70      2.060    
  0.817  0.001  6455.      5.437      5353.      4.521     -77.08      2.441    
  0.820  0.001  6445.      5.438      5360.      4.533     -76.54      1.965    
  0.819  0.001  6448.      5.437      5361.      4.528     -79.46      2.440    
  0.820  0.001  6445.      5.447      5361.      4.528     -77.10      1.973    
  0.821  0.001  6666.      6.590      5548.      5.496     -72.75      2.218    
  0.820  0.001  6673.      6.591      5543.      5.493     -70.02      2.537    
  0.822  0.001  6667.      6.591      5547.      5.507     -69.97      2.359    
  0.820  0.001  6678.      6.601      5549.      5.500     -71.06      1.974    
  0.823  0.001  3009.      2.764      2502.      2.310     -26.73      1.070    
  0.822  0.001  3015.      2.766      2505.      2.312     -25.62     0.9758    
  0.820  0.001  3019.      2.773      2502.      2.306     -25.09     0.9594    
  0.823  0.001  3013.      2.765      2506.      2.315     -24.59     0.9740    
  0.825  0.001  2310.      2.541      1915.      2.121     -8.369     0.8066    
  0.824  0.001  2309.      2.533      1912.      2.114     -9.118     0.5676    
  0.825  0.001  2309.      2.536      1916.      2.119     -10.29     0.7663    
  0.824  0.001  2311.      2.539      1915.      2.121     -9.913     0.6011    
  0.830  0.002  1614.      4.316      1333.      3.613      7.314     0.5253    
  0.828  0.002  1614.      4.318      1328.      3.559      8.298     0.7026    
  0.829  0.002  1619.      4.372      1334.      3.593      8.164     0.4991    
  0.835  0.002  1609.      4.322      1335.      3.544      8.630     0.6357    
  0.760  0.001 0.1019E+05  13.10      7753.      10.40     -11.62     0.9244    
    NaN    NaN 0.1017E+05  13.08      7765.      10.41            NaN        NaN
  0.763  0.001 0.1016E+05  13.07      7763.      10.40     -11.53     0.9987    
    NaN    NaN 0.1016E+05  13.09      7759.      10.42            NaN        NaN
  0.803  0.001  4471.      3.849      3610.      3.207     -19.80     0.6984    
  0.805  0.001  4463.      3.852      3614.      3.209     -19.14     0.6298    
  0.803  0.001  4477.      3.847      3617.      3.211     -20.13     0.8492    
  0.803  0.001  4472.      3.851      3610.      3.206     -20.09     0.7322    
    NaN    NaN  4088.      3.293      3336.      2.756            NaN        NaN
  0.810  0.001  4092.      3.293      3343.      2.758     -27.48     0.8119    
  0.810  0.001  4082.      3.294      3335.      2.754     -27.87     0.9043    
  0.811  0.001  4090.      3.292      3345.      2.756     -27.35     0.8096    
  0.814  0.001  3665.      2.867      3015.      2.397     -30.86     0.7391    
  0.814  0.001  3665.      2.866      3014.      2.396     -30.97     0.8381    
  0.814  0.001  3665.      2.864      3017.      2.401     -31.86     0.8149    
  0.815  0.001  3660.      2.864      3016.      2.401     -32.89     0.9250    
  0.816  0.001  6148.      4.929      5083.      4.110     -63.85      1.798    
  0.816  0.001  6158.      4.929      5088.      4.111     -63.95      1.794    
  0.816  0.001  6150.      4.926      5084.      4.108     -66.73      1.972    
  0.817  0.001  6149.      4.927      5087.      4.114     -61.67      1.345    
  0.816  0.001  2566.      1.974      2124.      1.644     -29.90     0.6724    
  0.818  0.001  2562.      1.972      2125.      1.644     -30.79     0.7384    
  0.815  0.001  2565.      1.973      2121.      1.642     -30.89     0.8301    
  0.818  0.001  2560.      1.970      2124.      1.643     -29.12     0.6213    
  0.817  0.001  4279.      3.416      3550.      2.843     -52.38      1.234    
  0.817  0.001  4282.      3.418      3549.      2.841     -53.17      1.344    
  0.817  0.001  4280.      3.411      3549.      2.845     -52.58      1.386    
  0.817  0.001  4279.      3.416      3549.      2.841     -52.23      1.212    
  0.817  0.001  4755.      4.022      3943.      3.340     -59.15      1.535    
  0.817  0.001  4754.      4.019      3944.      3.345     -59.86      1.536    
  0.818  0.001  4757.      4.016      3951.      3.343     -58.94      1.466    
  0.817  0.001  4752.      4.021      3944.      3.336     -59.76      1.526    
  0.818  0.001  4929.      4.865      4089.      4.050     -57.53      1.546    
  0.819  0.001  4923.      4.865      4090.      4.059     -57.29      1.457    
  0.821  0.001  4920.      4.866      4096.      4.054     -57.45      1.599    
  0.818  0.001  4929.      4.876      4090.      4.055     -56.78      1.498    
  0.820  0.001  2236.      2.032      1857.      1.695     -23.72     0.8169    
  0.818  0.001  2240.      2.036      1856.      1.695     -22.88     0.7606    
  0.819  0.001  2236.      2.028      1854.      1.692     -22.53     0.6459    
  0.818  0.001  2237.      2.032      1854.      1.691     -22.73     0.6878    
  0.823  0.001  1744.      1.850      1449.      1.542     -12.00     0.5921    
  0.823  0.001  1747.      1.850      1451.      1.544     -13.36     0.6120    
  0.821  0.001  1751.      1.856      1449.      1.544     -12.05     0.6363    
  0.821  0.001  1751.      1.857      1450.      1.544     -12.15     0.5437    
  0.824  0.002  1343.      3.526      1106.      2.934     0.3939E-01 0.3651    
  0.827  0.002  1338.      3.542      1106.      2.920      1.137     0.7177    
  0.822  0.002  1344.      3.535      1104.      2.876      1.425     0.7084    
  0.826  0.002  1340.      3.513      1106.      2.880      1.093     0.4975    
  0.746  0.001  5560.      8.551      4152.      6.638     -2.100     0.3936    
    NaN    NaN  5565.      8.545      4142.      6.628            NaN        NaN
  0.745  0.001  5562.      8.534      4144.      6.633     -1.226     0.5473    
  0.744  0.001  5566.      8.552      4146.      6.627     -2.344     0.3504    
  0.790  0.001  3120.      3.106      2472.      2.541     -6.989     0.4403    
  0.789  0.001  3127.      3.107      2474.      2.542     -6.430     0.3580    
  0.791  0.001  3120.      3.106      2475.      2.542     -6.824     0.3553    
  0.789  0.001  3121.      3.104      2468.      2.540     -6.890     0.3828    
  0.803  0.001  2971.      2.627      2396.      2.183     -11.11     0.4189    
  0.803  0.001  2968.      2.626      2395.      2.183     -13.06     0.5282    
  0.802  0.001  2967.      2.626      2390.      2.181     -11.37     0.5014    
  0.803  0.001  2971.      2.628      2397.      2.185     -11.74     0.4425    
  0.808  0.001  2718.      2.252      2213.      1.882     -15.91     0.5999    
  0.808  0.001  2717.      2.252      2211.      1.881     -16.05     0.4931    
  0.808  0.001  2716.      2.252      2211.      1.880     -16.39     0.4726    
    NaN    NaN  2718.      2.251      2212.      1.882            NaN        NaN
  0.812  0.001  4621.      3.803      3792.      3.180     -39.24      1.027    
  0.814  0.001  4617.      3.805      3798.      3.180     -41.05      1.275    
  0.812  0.001  4623.      3.804      3792.      3.181     -39.51      1.113    
  0.814  0.001  4618.      3.798      3795.      3.180     -38.14     0.9587    
  0.814  0.001  1936.      1.514      1596.      1.262     -20.55     0.5003    
  0.814  0.001  1934.      1.514      1595.      1.261     -19.63     0.5207    
  0.815  0.001  1934.      1.513      1596.      1.262     -20.49     0.4933    
  0.815  0.001  1934.      1.513      1596.      1.261     -19.41     0.4727    
  0.814  0.001  3238.      2.617      2674.      2.175     -37.43     0.9260    
  0.814  0.001  3234.      2.612      2673.      2.178     -39.72      1.071    
  0.817  0.001  3230.      2.614      2674.      2.177     -37.31     0.9181    
  0.817  0.001  3235.      2.615      2679.      2.176     -36.45     0.8182    
  0.813  0.001  3604.      3.076      2976.      2.550     -47.41      1.226    
  0.816  0.001  3597.      3.070      2979.      2.554     -45.00      1.126    
  0.817  0.001  3593.      3.071      2979.      2.554     -44.22      1.030    
  0.817  0.001  3597.      3.073      2981.      2.555     -43.33      1.146    
  0.818  0.001  3723.      3.716      3095.      3.093     -47.55      1.411    
  0.816  0.001  3725.      3.721      3085.      3.088     -45.18      1.134    
  0.814  0.001  3729.      3.713      3084.      3.084     -47.68      1.426    
  0.818  0.001  3721.      3.714      3091.      3.089     -48.07      1.148    
  0.816  0.001  1695.      1.549      1404.      1.287     -20.46     0.5824    
  0.818  0.001  1695.      1.551      1406.      1.288     -19.15     0.6347    
  0.818  0.001  1695.      1.550      1406.      1.286     -18.89     0.5520    
  0.817  0.001  1694.      1.550      1405.      1.288     -19.88     0.6210    
  0.821  0.001  1336.      1.397      1110.      1.167     -13.12     0.5001    
  0.820  0.001  1336.      1.402      1109.      1.165     -12.95     0.4290    
  0.820  0.001  1337.      1.399      1109.      1.165     -13.04     0.5284    
  0.818  0.001  1338.      1.400      1108.      1.162     -13.09     0.4690    
  0.827  0.002  1100.      2.810      914.8      2.361     -4.883     0.6160    
  0.820  0.002  1105.      2.843      911.1      2.315     -4.825     0.8145    
  0.819  0.002  1106.      2.847      909.4      2.330     -3.287     0.7815    
  0.815  0.002  1112.      2.878      908.9      2.333     -3.549     0.5699    
  0.764  0.002  7914.      21.88      6057.      17.50     -11.24      2.037    
  0.761  0.002  7952.      21.95      6059.      17.46     -5.450      1.807    
  0.763  0.002  7921.      21.87      6048.      17.45     -4.454      1.968    
  0.766  0.002  7930.      21.88      6081.      17.59     -5.434      2.105    
  0.790  0.002  2336.      4.210      1852.      3.448     -7.292     0.6812    
  0.786  0.002  2348.      4.225      1853.      3.454     -7.458     0.7457    
  0.787  0.002  2347.      4.222      1853.      3.451     -7.317     0.6452    
  0.786  0.002  2345.      4.222      1850.      3.444     -7.222     0.6203    
  0.795  0.001  2258.      3.698      1804.      3.048     -8.835     0.8154    
  0.795  0.001  2258.      3.701      1804.      3.049     -9.645     0.6728    
  0.793  0.001  2263.      3.705      1805.      3.048     -9.785     0.7256    
  0.793  0.001  2265.      3.708      1805.      3.052     -9.537     0.7152    
  0.796  0.001  2138.      3.237      1712.      2.673     -10.59     0.6004    
  0.801  0.001  2128.      3.226      1714.      2.675     -10.42     0.7562    
  0.800  0.001  2135.      3.236      1718.      2.679     -10.01     0.7264    
  0.799  0.001  2134.      3.234      1716.      2.678     -11.35     0.8673    
  0.802  0.001  3799.      5.415      3071.      4.493     -23.13      1.083    
  0.804  0.001  3799.      5.412      3081.      4.505     -26.41      1.489    
  0.803  0.001  3801.      5.406      3078.      4.495     -25.05      1.242    
  0.802  0.001  3801.      5.405      3076.      4.503     -27.04      1.756    
  0.806  0.001  1645.      2.172      1340.      1.805     -12.93     0.5795    
  0.809  0.001  1645.      2.170      1343.      1.809     -13.17     0.6046    
  0.804  0.001  1647.      2.170      1337.      1.797     -13.70     0.5712    
  0.804  0.001  1646.      2.169      1338.      1.804     -14.20     0.6010    
  0.809  0.001  2809.      3.668      2299.      3.051     -26.59      1.195    
  0.808  0.001  2809.      3.673      2297.      3.051     -25.90      1.211    
  0.807  0.001  2812.      3.673      2298.      3.053     -27.92      1.320    
  0.810  0.001  2811.      3.672      2302.      3.054     -24.52     0.9594    
  0.817  0.001  3173.      4.174      2624.      3.494     -31.63      1.189    
  0.811  0.001  3179.      4.190      2610.      3.472     -32.95      1.170    
  0.814  0.001  3174.      4.181      2615.      3.482     -32.29      1.643    
  0.815  0.001  3178.      4.184      2621.      3.493     -31.22      1.407    
  0.813  0.001  3332.      4.816      2750.      3.998     -40.50      1.539    
  0.815  0.001  3329.      4.831      2755.      4.001     -40.17      1.771    
  0.815  0.001  3330.      4.821      2751.      4.000     -39.49      1.443    
  0.816  0.001  3322.      4.805      2749.      3.999     -38.94      1.898    
  0.815  0.001  1521.      2.058      1259.      1.705     -18.78     0.7653    
  0.816  0.001  1520.      2.057      1260.      1.706     -19.08     0.8537    
  0.815  0.001  1520.      2.053      1257.      1.705     -18.29     0.6694    
  0.816  0.001  1521.      2.054      1259.      1.710     -18.74     0.7830    
  0.815  0.001  1205.      1.789      997.2      1.483     -14.83     0.5665    
  0.816  0.001  1205.      1.792      996.9      1.483     -13.14     0.7048    
  0.819  0.001  1199.      1.782      996.5      1.480     -13.99     0.5247    
  0.817  0.001  1203.      1.786      996.2      1.482     -13.67     0.5169    
  0.824  0.003  1032.      3.262      859.0      2.772     -8.930     0.7732    
  0.814  0.003  1041.      3.326      854.2      2.722     -7.466     0.9447    
  0.824  0.003  1029.      3.235      854.8      2.670     -7.526     0.6824    
  0.820  0.003  1036.      3.321      857.9      2.755     -7.981     0.6606    
