  0.801  0.002 0.3251E+08 0.4227E+05 0.2531E+08 0.3333E+05 0.7296E+06 0.3391E+05
  0.803  0.002 0.3250E+08 0.4227E+05 0.2533E+08 0.3333E+05 0.7557E+06 0.4453E+05
  0.803  0.001 0.3242E+08 0.4222E+05 0.2536E+08 0.3335E+05 0.6593E+06 0.2603E+05
  0.803  0.002 0.3245E+08 0.4218E+05 0.2532E+08 0.3330E+05 0.7202E+06 0.3537E+05
  0.824  0.003 0.1584E+08 0.2894E+05 0.1239E+08 0.2150E+05 0.6580E+06 0.3367E+05
  0.832  0.005 0.1586E+08 0.2894E+05 0.1245E+08 0.2170E+05 0.7386E+06 0.5366E+05
  0.826  0.003 0.1580E+08 0.2882E+05 0.1245E+08 0.2169E+05 0.6120E+06 0.2550E+05
  0.831  0.003 0.1578E+08 0.2875E+05 0.1248E+08 0.2173E+05 0.6417E+06 0.2847E+05
  0.839  0.004 0.1626E+08 0.2912E+05 0.1278E+08 0.2186E+05 0.8608E+06 0.4056E+05
  0.842  0.008 0.1622E+08 0.2892E+05 0.1282E+08 0.2193E+05 0.8278E+06 0.1027E+06
  0.837  0.004 0.1626E+08 0.2900E+05 0.1280E+08 0.2186E+05 0.8085E+06 0.4078E+05
  0.842  0.004 0.1626E+08 0.2893E+05 0.1284E+08 0.2193E+05 0.8436E+06 0.4825E+05
  0.849  0.005 0.1541E+08 0.2653E+05 0.1216E+08 0.2002E+05 0.9144E+06 0.5148E+05
  0.855  0.004 0.1539E+08 0.2642E+05 0.1221E+08 0.2011E+05 0.9497E+06 0.4815E+05
  0.845  0.004 0.1546E+08 0.2659E+05 0.1219E+08 0.2003E+05 0.8809E+06 0.4137E+05
  0.860  0.006 0.1542E+08 0.2651E+05 0.1225E+08 0.2021E+05 0.1013E+07 0.7347E+05
  0.866  0.004 0.2624E+08 0.4350E+05 0.2085E+08 0.3306E+05 0.1863E+07 0.7518E+05
  0.863  0.004 0.2622E+08 0.4337E+05 0.2084E+08 0.3296E+05 0.1793E+07 0.6588E+05
  0.871  0.004 0.2626E+08 0.4336E+05 0.2094E+08 0.3317E+05 0.1926E+07 0.7941E+05
  0.864  0.004 0.2622E+08 0.4339E+05 0.2090E+08 0.3311E+05 0.1766E+07 0.6802E+05
  0.883  0.008 0.1043E+08 0.1614E+05 0.8321E+07 0.1220E+05 0.8925E+06 0.6567E+05
  0.880  0.005 0.1045E+08 0.1617E+05 0.8312E+07 0.1221E+05 0.8826E+06 0.3982E+05
  0.895  0.024 0.1042E+08 0.1609E+05 0.8308E+07 0.1216E+05 0.1016E+07 0.1834E+06
  0.878  0.006 0.1045E+08 0.1614E+05 0.8314E+07 0.1220E+05 0.8571E+06 0.4397E+05
  0.896  0.008 0.1568E+08 0.2148E+05 0.1255E+08 0.1634E+05 0.1496E+07 0.8847E+05
  0.882  0.004 0.1572E+08 0.2153E+05 0.1253E+08 0.1626E+05 0.1335E+07 0.4936E+05
  0.898  0.012 0.1568E+08 0.2144E+05 0.1253E+08 0.1629E+05 0.1553E+07 0.1337E+06
  0.898  0.012 0.1573E+08 0.2161E+05 0.1255E+08 0.1633E+05 0.1576E+07 0.1370E+06
  0.901  0.004 0.1373E+08 0.1530E+05 0.1104E+08 0.1185E+05 0.1331E+07 0.3844E+05
  0.899  0.004 0.1371E+08 0.1528E+05 0.1104E+08 0.1186E+05 0.1288E+07 0.3768E+05
  0.923  0.017 0.1373E+08 0.1531E+05 0.1103E+08 0.1185E+05 0.1648E+07 0.1755E+06
  0.913  0.008 0.1371E+08 0.1527E+05 0.1102E+08 0.1183E+05 0.1500E+07 0.8090E+05
  0.913  0.004 0.9756E+07 0.1066E+05 0.7952E+07  8604.     0.9597E+06 0.3088E+05
  0.919  0.007 0.9722E+07 0.1058E+05 0.7965E+07  8609.     0.9722E+06 0.5164E+05
  0.908  0.004 0.9769E+07 0.1066E+05 0.7948E+07  8562.     0.9214E+06 0.2764E+05
  0.915  0.007 0.9753E+07 0.1065E+05 0.7957E+07  8602.     0.9645E+06 0.4721E+05
  0.905  0.006 0.2982E+07  3467.     0.2452E+07  2848.     0.2450E+06 0.1206E+05
  0.904  0.006 0.2989E+07  3475.     0.2450E+07  2844.     0.2529E+06 0.1226E+05
  0.905  0.003 0.2980E+07  3464.     0.2455E+07  2855.     0.2421E+06  7056.    
  0.909  0.004 0.2984E+07  3468.     0.2453E+07  2855.     0.2580E+06  8590.    
  0.915  0.006 0.1616E+07  2360.     0.1331E+07  1945.     0.1480E+06  7439.    
  0.907  0.008 0.1623E+07  2368.     0.1329E+07  1945.     0.1437E+06  9158.    
  0.902  0.004 0.1619E+07  2365.     0.1329E+07  1948.     0.1309E+06  4625.    
  0.909  0.005 0.1618E+07  2360.     0.1330E+07  1947.     0.1412E+06  6356.    
  0.902  0.006 0.5793E+06  1302.     0.4732E+06  1052.     0.4909E+05  2423.    
  0.902  0.006 0.5792E+06  1310.     0.4739E+06  1049.     0.4847E+05  2358.    
  0.898  0.005 0.5794E+06  1318.     0.4720E+06  1044.     0.4811E+05  1945.    
  0.896  0.007 0.5806E+06  1311.     0.4724E+06  1049.     0.4756E+05  3016.    
  0.776  0.001 0.1212E+07  964.2     0.9237E+06  775.4     0.1712E+05  424.4    
  0.775  0.001 0.1213E+07  964.4     0.9226E+06  775.3     0.1750E+05  473.6    
  0.774  0.001 0.1214E+07  965.6     0.9230E+06  774.7     0.1691E+05  361.0    
  0.776  0.001 0.1213E+07  963.6     0.9232E+06  774.5     0.1756E+05  422.1    
  0.807  0.001 0.7325E+06  521.5     0.5720E+06  387.6     0.1941E+05  367.2    
  0.808  0.001 0.7326E+06  520.9     0.5719E+06  387.4     0.1971E+05  430.0    
  0.809  0.001 0.7324E+06  520.9     0.5729E+06  388.0     0.1982E+05  405.1    
  0.807  0.001 0.7342E+06  521.6     0.5724E+06  388.1     0.2028E+05  457.4    
  0.814  0.001 0.8450E+06  662.1     0.6587E+06  477.6     0.2888E+05  637.0    
  0.814  0.001 0.8452E+06  661.8     0.6588E+06  477.6     0.2927E+05  595.6    
  0.815  0.001 0.8428E+06  659.0     0.6582E+06  476.9     0.2912E+05  591.7    
  0.817  0.001 0.8438E+06  660.3     0.6593E+06  477.9     0.2964E+05  690.3    
  0.820  0.002 0.9512E+06  913.1     0.7377E+06  644.3     0.4187E+05  1300.    
  0.822  0.002 0.9514E+06  911.9     0.7393E+06  645.9     0.4271E+05  1003.    
  0.823  0.002 0.9491E+06  910.3     0.7387E+06  645.3     0.4283E+05  1114.    
  0.819  0.001 0.9509E+06  912.8     0.7371E+06  643.9     0.4134E+05  844.0    
  0.828  0.002 0.2065E+07  2346.     0.1597E+07  1685.     0.1130E+06  2551.    
  0.832  0.002 0.2061E+07  2341.     0.1597E+07  1686.     0.1178E+06  2833.    
  0.835  0.003 0.2065E+07  2351.     0.1598E+07  1686.     0.1258E+06  3766.    
  0.833  0.002 0.2062E+07  2341.     0.1597E+07  1684.     0.1203E+06  3210.    
  0.846  0.002 0.9865E+06  1177.     0.7669E+06  847.9     0.6775E+05  1605.    
  0.851  0.003 0.9846E+06  1174.     0.7673E+06  849.1     0.7033E+05  2390.    
  0.847  0.003 0.9858E+06  1176.     0.7673E+06  848.2     0.6797E+05  1789.    
  0.849  0.003 0.9875E+06  1178.     0.7677E+06  849.9     0.7056E+05  2074.    
  0.860  0.003 0.1702E+07  2085.     0.1338E+07  1532.     0.1264E+06  3640.    
  0.863  0.004 0.1703E+07  2086.     0.1337E+07  1528.     0.1325E+06  5011.    
  0.861  0.004 0.1705E+07  2089.     0.1333E+07  1524.     0.1350E+06  4402.    
  0.864  0.004 0.1704E+07  2085.     0.1336E+07  1528.     0.1364E+06  4640.    
  0.870  0.003 0.1849E+07  2273.     0.1452E+07  1663.     0.1553E+06  3870.    
  0.870  0.003 0.1852E+07  2279.     0.1453E+07  1665.     0.1572E+06  4030.    
  0.874  0.005 0.1849E+07  2273.     0.1451E+07  1664.     0.1659E+06  6651.    
  0.865  0.003 0.1857E+07  2285.     0.1452E+07  1664.     0.1544E+06  3546.    
  0.896  0.004 0.1498E+07  1584.     0.1185E+07  1162.     0.1571E+06  4556.    
  0.891  0.004 0.1498E+07  1583.     0.1183E+07  1158.     0.1518E+06  4103.    
  0.893  0.004 0.1498E+07  1581.     0.1184E+07  1159.     0.1533E+06  4074.    
  0.894  0.004 0.1498E+07  1584.     0.1184E+07  1160.     0.1546E+06  4080.    
  0.901  0.003 0.4437E+06  345.2     0.3568E+06  265.3     0.4306E+05  1084.    
  0.904  0.004 0.4435E+06  344.8     0.3572E+06  265.8     0.4355E+05  1159.    
  0.900  0.003 0.4439E+06  344.6     0.3572E+06  265.9     0.4229E+05  1130.    
  0.898  0.003 0.4438E+06  345.1     0.3575E+06  265.6     0.4094E+05  958.1    
  0.891  0.003 0.2469E+06  219.7     0.2003E+06  175.4     0.1980E+05  468.1    
  0.893  0.002 0.2471E+06  219.2     0.2005E+06  175.5     0.2013E+05  427.9    
  0.896  0.003 0.2467E+06  219.3     0.2004E+06  175.5     0.2065E+05  497.3    
  0.892  0.003 0.2473E+06  219.6     0.2003E+06  175.5     0.2026E+05  462.9    
  0.891  0.004 0.1157E+06  233.3     0.9435E+05  192.3      8683.      294.1    
  0.884  0.003 0.1158E+06  234.9     0.9403E+05  189.6      8386.      216.8    
  0.882  0.003 0.1161E+06  237.1     0.9438E+05  191.0      8021.      174.6    
  0.893  0.003 0.1155E+06  234.6     0.9447E+05  189.9      8688.      258.8    
  0.761  0.001 0.6095E+06  605.7     0.4567E+06  475.7      7217.      207.5    
    NaN    NaN 0.6089E+06  605.4     0.4574E+06  475.9            NaN        NaN
  0.763  0.001 0.6084E+06  604.9     0.4572E+06  476.0      7200.      210.7    
    NaN    NaN 0.6081E+06  605.2     0.4566E+06  476.1            NaN        NaN
  0.799  0.001 0.4108E+06  314.2     0.3187E+06  238.9      9722.      200.2    
  0.800  0.001 0.4104E+06  314.6     0.3187E+06  238.6      9507.      194.7    
  0.798  0.001 0.4117E+06  314.0     0.3189E+06  238.6      9717.      212.4    
  0.800  0.001 0.4105E+06  313.9     0.3188E+06  238.6      9723.      196.2    
    NaN    NaN 0.4722E+06  348.8     0.3678E+06  258.8            NaN        NaN
  0.809  0.001 0.4721E+06  348.5     0.3678E+06  258.4     0.1423E+05  264.9    
  0.811  0.001 0.4717E+06  348.7     0.3679E+06  258.6     0.1458E+05  333.8    
  0.811  0.001 0.4718E+06  348.7     0.3683E+06  258.6     0.1443E+05  286.0    
  0.816  0.001 0.5236E+06  416.3     0.4082E+06  300.6     0.1928E+05  349.2    
  0.816  0.001 0.5241E+06  416.4     0.4087E+06  300.9     0.1905E+05  330.3    
  0.817  0.001 0.5241E+06  416.2     0.4083E+06  301.0     0.1980E+05  391.8    
  0.817  0.001 0.5243E+06  416.6     0.4082E+06  301.1     0.2003E+05  396.2    
  0.820  0.001 0.1190E+07  1145.     0.9194E+06  817.6     0.5657E+05  1081.    
  0.822  0.002 0.1189E+07  1149.     0.9197E+06  817.7     0.5819E+05  1300.    
  0.824  0.002 0.1190E+07  1146.     0.9198E+06  817.0     0.6012E+05  1663.    
  0.823  0.002 0.1187E+07  1141.     0.9205E+06  818.7     0.5666E+05  1271.    
  0.833  0.002 0.6288E+06  738.3     0.4848E+06  520.5     0.3895E+05  873.3    
  0.834  0.002 0.6303E+06  740.2     0.4852E+06  521.6     0.4014E+05  991.4    
  0.834  0.002 0.6285E+06  737.8     0.4856E+06  521.4     0.3867E+05  904.8    
  0.833  0.002 0.6282E+06  736.4     0.4848E+06  520.9     0.3821E+05  972.0    
  0.853  0.004 0.1182E+07  1434.     0.9165E+06  1034.     0.9122E+05  3145.    
  0.848  0.003 0.1183E+07  1434.     0.9170E+06  1036.     0.8587E+05  2472.    
  0.851  0.003 0.1180E+07  1431.     0.9180E+06  1038.     0.8588E+05  2182.    
  0.849  0.003 0.1182E+07  1432.     0.9168E+06  1035.     0.8631E+05  2312.    
  0.867  0.004 0.1393E+07  1774.     0.1090E+07  1298.     0.1170E+06  4002.    
  0.863  0.003 0.1394E+07  1777.     0.1089E+07  1297.     0.1138E+06  3182.    
  0.863  0.003 0.1391E+07  1774.     0.1087E+07  1294.     0.1141E+06  3523.    
  0.861  0.003 0.1394E+07  1775.     0.1089E+07  1296.     0.1120E+06  3247.    
  0.883  0.003 0.1310E+07  1655.     0.1030E+07  1211.     0.1266E+06  3190.    
  0.877  0.003 0.1312E+07  1665.     0.1030E+07  1211.     0.1206E+06  3097.    
  0.879  0.003 0.1316E+07  1666.     0.1029E+07  1211.     0.1282E+06  3223.    
  0.878  0.004 0.1315E+07  1668.     0.1029E+07  1213.     0.1252E+06  3492.    
  0.901  0.004 0.4210E+06  376.8     0.3346E+06  278.8     0.4463E+05  1098.    
  0.898  0.004 0.4208E+06  376.5     0.3344E+06  278.4     0.4339E+05  1366.    
  0.897  0.003 0.4207E+06  376.4     0.3348E+06  278.9     0.4277E+05  940.2    
  0.900  0.004 0.4212E+06  376.4     0.3345E+06  278.8     0.4467E+05  1150.    
  0.892  0.002 0.2295E+06  196.2     0.1851E+06  153.1     0.1961E+05  403.1    
  0.894  0.003 0.2301E+06  196.6     0.1854E+06  153.6     0.2033E+05  426.4    
  0.892  0.002 0.2299E+06  196.2     0.1852E+06  153.2     0.1992E+05  412.9    
  0.890  0.003 0.2299E+06  196.3     0.1850E+06  153.2     0.1974E+05  416.8    
  0.880  0.002 0.1133E+06  215.3     0.9180E+05  175.6      7923.      163.9    
  0.886  0.003 0.1131E+06  216.6     0.9185E+05  175.1      8365.      252.6    
  0.884  0.003 0.1133E+06  216.1     0.9170E+05  173.6      8384.      224.2    
  0.888  0.005 0.1131E+06  215.6     0.9181E+05  172.9      8641.      383.8    
  0.748  0.001 0.2853E+06  375.8     0.2105E+06  288.5      2813.      90.13    
    NaN    NaN 0.2855E+06  375.6     0.2102E+06  288.3            NaN        NaN
  0.747  0.001 0.2854E+06  375.1     0.2103E+06  288.4      2863.      100.9    
  0.747  0.001 0.2854E+06  375.6     0.2103E+06  288.2      2750.      75.40    
  0.787  0.001 0.2242E+06  208.8     0.1720E+06  159.9      4508.      100.3    
  0.786  0.001 0.2245E+06  208.6     0.1721E+06  159.9      4331.      86.81    
  0.787  0.001 0.2243E+06  208.9     0.1721E+06  159.8      4458.      88.47    
  0.786  0.001 0.2244E+06  208.8     0.1719E+06  159.8      4382.      93.85    
  0.802  0.001 0.2622E+06  215.8     0.2037E+06  163.9      6643.      121.6    
  0.801  0.001 0.2625E+06  216.0     0.2033E+06  163.7      7000.      134.5    
  0.801  0.001 0.2624E+06  216.0     0.2034E+06  163.8      6695.      122.5    
  0.801  0.001 0.2625E+06  215.9     0.2034E+06  163.6      6877.      126.2    
  0.808  0.001 0.2908E+06  229.2     0.2259E+06  170.6      9046.      182.6    
  0.809  0.001 0.2912E+06  229.5     0.2263E+06  170.9      9271.      174.4    
  0.809  0.001 0.2911E+06  229.8     0.2265E+06  170.9      8906.      146.7    
    NaN    NaN 0.2908E+06  229.3     0.2264E+06  170.9            NaN        NaN
  0.819  0.001 0.6469E+06  524.8     0.5032E+06  386.9     0.2673E+05  635.4    
  0.819  0.001 0.6476E+06  526.3     0.5031E+06  385.9     0.2717E+05  592.3    
  0.819  0.001 0.6471E+06  525.3     0.5029E+06  386.9     0.2685E+05  556.9    
  0.818  0.001 0.6472E+06  524.8     0.5030E+06  386.9     0.2637E+05  484.9    
  0.828  0.002 0.3519E+06  365.3     0.2726E+06  256.6     0.1861E+05  451.1    
  0.827  0.002 0.3519E+06  366.1     0.2729E+06  257.3     0.1824E+05  362.4    
  0.823  0.002 0.3526E+06  366.1     0.2720E+06  256.5     0.1830E+05  407.7    
  0.825  0.002 0.3519E+06  365.4     0.2723E+06  256.7     0.1798E+05  383.9    
  0.834  0.002 0.7275E+06  843.8     0.5614E+06  601.5     0.4536E+05  1191.    
  0.837  0.002 0.7281E+06  846.2     0.5617E+06  601.3     0.4793E+05  1167.    
  0.833  0.002 0.7304E+06  849.6     0.5616E+06  602.5     0.4676E+05  1279.    
  0.833  0.002 0.7281E+06  844.9     0.5617E+06  602.8     0.4463E+05  797.5    
  0.853  0.002 0.9827E+06  1251.     0.7631E+06  909.9     0.7496E+05  1701.    
  0.852  0.003 0.9851E+06  1255.     0.7627E+06  910.0     0.7627E+05  1864.    
  0.853  0.003 0.9848E+06  1252.     0.7625E+06  908.9     0.7802E+05  2019.    
  0.851  0.003 0.9842E+06  1251.     0.7622E+06  909.0     0.7558E+05  1939.    
  0.869  0.003 0.1079E+07  1520.     0.8405E+06  1105.     0.9702E+05  2621.    
  0.866  0.003 0.1078E+07  1518.     0.8423E+06  1108.     0.9090E+05  2219.    
  0.873  0.004 0.1076E+07  1513.     0.8414E+06  1107.     0.9716E+05  2819.    
  0.867  0.003 0.1080E+07  1519.     0.8394E+06  1104.     0.9648E+05  2403.    
  0.886  0.003 0.4223E+06  491.5     0.3307E+06  354.3     0.4335E+05  1019.    
  0.883  0.003 0.4220E+06  490.9     0.3299E+06  353.6     0.4245E+05  1058.    
  0.881  0.003 0.4231E+06  494.0     0.3305E+06  354.7     0.4236E+05  974.4    
  0.885  0.003 0.4222E+06  491.4     0.3308E+06  355.4     0.4265E+05  955.0    
  0.891  0.003 0.2380E+06  224.3     0.1889E+06  168.0     0.2326E+05  483.0    
  0.890  0.003 0.2382E+06  225.1     0.1888E+06  167.4     0.2327E+05  445.9    
  0.890  0.003 0.2378E+06  224.6     0.1890E+06  167.7     0.2275E+05  507.5    
  0.894  0.003 0.2378E+06  224.7     0.1891E+06  168.0     0.2351E+05  523.3    
  0.884  0.003 0.1184E+06  210.6     0.9571E+05  170.2      8961.      212.7    
  0.882  0.003 0.1189E+06  212.7     0.9563E+05  167.8      9203.      258.0    
  0.879  0.002 0.1186E+06  210.9     0.9549E+05  168.2      8748.      181.7    
  0.875  0.002 0.1189E+06  212.6     0.9526E+05  167.9      8749.      182.5    
  0.772  0.002 0.4695E+06  1186.     0.3538E+06  929.6      8385.      403.9    
  0.768  0.002 0.4717E+06  1189.     0.3537E+06  926.4      8786.      398.1    
  0.769  0.002 0.4697E+06  1185.     0.3534E+06  927.7      7818.      328.7    
  0.769  0.002 0.4712E+06  1189.     0.3542E+06  929.9      8307.      424.0    
  0.799  0.002 0.1848E+06  367.8     0.1425E+06  281.8      5181.      163.9    
  0.798  0.002 0.1853E+06  367.8     0.1425E+06  282.1      5368.      170.1    
  0.799  0.002 0.1852E+06  367.3     0.1427E+06  282.2      5248.      155.7    
  0.795  0.002 0.1855E+06  368.6     0.1424E+06  281.7      5017.      137.1    
  0.808  0.002 0.2012E+06  381.5     0.1558E+06  291.2      6718.      214.9    
  0.806  0.002 0.2012E+06  382.1     0.1556E+06  290.3      6505.      169.8    
  0.807  0.002 0.2017E+06  381.8     0.1557E+06  290.6      7032.      260.6    
  0.810  0.002 0.2009E+06  380.3     0.1558E+06  290.6      6933.      230.8    
  0.808  0.002 0.2144E+06  399.4     0.1655E+06  300.8      7600.      206.8    
  0.813  0.002 0.2135E+06  398.6     0.1654E+06  300.6      8103.      246.9    
  0.811  0.002 0.2142E+06  399.7     0.1660E+06  301.4      7788.      210.8    
  0.810  0.002 0.2147E+06  401.4     0.1658E+06  301.1      8222.      272.9    
  0.819  0.002 0.4546E+06  868.4     0.3522E+06  648.3     0.1988E+05  535.2    
  0.821  0.003 0.4561E+06  870.8     0.3525E+06  648.2     0.2210E+05  920.9    
  0.816  0.002 0.4568E+06  872.0     0.3529E+06  648.9     0.2010E+05  574.3    
  0.825  0.005 0.4559E+06  870.0     0.3523E+06  649.6     0.2381E+05  1612.    
  0.825  0.003 0.2368E+06  503.9     0.1824E+06  364.4     0.1305E+05  442.0    
  0.826  0.003 0.2359E+06  500.6     0.1823E+06  363.4     0.1259E+05  378.4    
  0.823  0.002 0.2362E+06  498.7     0.1821E+06  362.1     0.1231E+05  338.6    
  0.828  0.003 0.2355E+06  501.2     0.1826E+06  363.9     0.1250E+05  385.9    
  0.840  0.004 0.4705E+06  1028.     0.3643E+06  754.8     0.3074E+05  1285.    
  0.838  0.003 0.4709E+06  1028.     0.3652E+06  755.9     0.2951E+05  1102.    
  0.841  0.006 0.4702E+06  1027.     0.3635E+06  749.6     0.3217E+05  2122.    
  0.831  0.003 0.4706E+06  1029.     0.3639E+06  750.6     0.2735E+05  1061.    
  0.847  0.004 0.6490E+06  1435.     0.5027E+06  1056.     0.4698E+05  1776.    
  0.843  0.003 0.6461E+06  1422.     0.5004E+06  1050.     0.4423E+05  1335.    
  0.855  0.004 0.6439E+06  1414.     0.5023E+06  1053.     0.4840E+05  1785.    
  0.850  0.005 0.6467E+06  1425.     0.5013E+06  1052.     0.4868E+05  2493.    
  0.857  0.005 0.8111E+06  1801.     0.6269E+06  1326.     0.6816E+05  3229.    
  0.856  0.004 0.8102E+06  1797.     0.6267E+06  1322.     0.6644E+05  1914.    
  0.859  0.004 0.8075E+06  1793.     0.6292E+06  1332.     0.6477E+05  2091.    
  0.853  0.004 0.8081E+06  1793.     0.6244E+06  1320.     0.6513E+05  2149.    
  0.871  0.004 0.3956E+06  731.0     0.3080E+06  535.0     0.3666E+05  1025.    
  0.874  0.005 0.3956E+06  729.3     0.3069E+06  534.3     0.3872E+05  1467.    
  0.870  0.005 0.3965E+06  733.4     0.3074E+06  534.8     0.3746E+05  1376.    
  0.870  0.004 0.3957E+06  727.5     0.3085E+06  538.5     0.3573E+05  1006.    
  0.881  0.004 0.2942E+06  474.4     0.2297E+06  348.8     0.2946E+05  784.6    
  0.875  0.003 0.2948E+06  473.8     0.2294E+06  348.9     0.2859E+05  720.7    
  0.878  0.004 0.2942E+06  471.6     0.2294E+06  348.2     0.2898E+05  830.5    
  0.877  0.004 0.2947E+06  474.8     0.2298E+06  349.3     0.2874E+05  743.8    
  0.883  0.004 0.1967E+06  441.3     0.1556E+06  339.3     0.1814E+05  565.3    
  0.886  0.005 0.1970E+06  441.4     0.1553E+06  340.3     0.1922E+05  722.2    
  0.879  0.003 0.1969E+06  442.2     0.1556E+06  333.9     0.1753E+05  370.0    
  0.879  0.006 0.1979E+06  444.0     0.1554E+06  336.3     0.1853E+05  797.3    
